9.600784784952035e-09,-2.2140387637637953e-21
9.600784784951049e-09,-2.214038763763342e-21
9.600784784950569e-09,-2.214038763763121e-21
9.60078478494946e-09,-2.2140387637626097e-21
5.5009600597539856e-05,-1.646505392456712e-17
0.0004650096002230464,1.4891925795289267e-17
0.001275009599848553,4.631698344251839e-16
0.0024850095994740596,1.7258504308055198e-15
0.004095009599099569,4.200411551781223e-15
0.006105009598725076,8.284331664050916e-15
0.008515009598350583,1.4375088158242568e-14
0.011325009597976096,2.287017692147321e-14
0.014535009597601605,3.4167045526100555e-14
0.01814500959722711,4.866318791309875e-14
0.022155009596852623,6.675608500759484e-14
0.026565009596478138,8.884321349006435e-14
0.03137500959610366,1.153220496506701e-13
0.03658500959572916,1.4659003948696604e-13
0.042195009595354674,1.830446221877167e-13
0.048150009595356355,2.243285607292429e-13
0.05415000959576752,2.6632285938628756e-13
0.060150009595766996,3.0826413404900315e-13
0.06615000959576789,3.4910022505880083e-13
0.0721500095957702,3.8837265150619255e-13
0.07815000959577388,4.2590400972650226e-13
0.08415000959577475,4.617437393387689e-13
0.09015000959577793,4.96068092584992e-13
0.0961500095957824,5.289238029156072e-13
0.10215000959578302,5.604473627104858e-13
0.10815000959578391,5.908993447829761e-13
0.11415000959578922,6.206034485337166e-13
0.12015000959578853,6.496104926868845e-13
0.12615000959578704,6.780747678852677e-13
0.13215000959578888,7.061640175522032e-13
0.1381500095957916,7.340998222540756e-13
0.1441500095957926,7.619421340342022e-13
0.15015000959580316,7.896707607113748e-13
0.15615000959581732,8.172711826500713e-13
0.1621500095958306,8.448259640141115e-13
0.16815000959583723,8.724047626246456e-13
0.17415000959583787,9.007308801086028e-13
0.18015000959583044,9.295951348356212e-13
0.18615000959583133,9.5866284660556e-13
0.19215000959583534,9.87864565764033e-13
0.19815000959583645,1.017016689178314e-12
0.2041500095958356,1.0460804978204231e-12
0.2101500095958358,1.07508474473199e-12
0.21615000959583713,1.104041867880337e-12
0.22215000959583747,1.1329747656153378e-12
0.2281500095958368,1.161929000449088e-12
0.23415000959583926,1.1908985615647636e-12
0.24015000959583815,1.2198221438346919e-12
0.24615000959583822,1.2486500994730124e-12
0.25215000959583933,1.2776542943428799e-12
0.2581500095958378,1.307240315466577e-12
0.26415000959583956,1.3371514931586271e-12
0.2701500095958383,1.3673014381898964e-12
0.27615000959583624,1.39757274447554e-12
0.28215000959583736,1.4279418891652448e-12
0.288150009595837,1.458457271043967e-12
0.2941500095958381,1.4890290140884315e-12
0.3001500095958381,1.5195844160377467e-12
0.3061500095958381,1.5500815312782688e-12
0.3121500095958379,1.5805704759712173e-12
0.3181500095958378,1.6110868986840257e-12
0.3241500095958366,1.641602540771265e-12
0.33015000959583596,1.6721001243871226e-12
0.3361500095958362,1.7025696575243785e-12
0.3421500095958363,1.7330857159452587e-12
0.34815000959583664,1.7634768222341664e-12
0.3541500095958369,1.7932922952320391e-12
0.3601500095958366,1.823114221401241e-12
0.36615000959583704,1.8529190258497382e-12
0.37215000959583766,1.882743189812228e-12
0.3781500095958381,1.9126027941753283e-12
0.3841500095958377,1.9424533953235845e-12
0.3901500095958379,1.972284845124671e-12
0.39615000959583785,2.0010846722218267e-12
0.40215000959583813,2.0289598223173505e-12
0.40815000959583847,2.0571141241146274e-12
0.4141500095958399,2.0855936865636545e-12
0.42015000959584003,2.113404356987574e-12
0.42615000959583915,2.1403499381612556e-12
0.4321500095958395,2.1675871090040197e-12
0.43815000959583983,2.195199500534636e-12
0.4441500095958401,2.223037701020121e-12
0.4501500095958396,2.251019120275779e-12
0.45615000959584,2.2790310880118552e-12
0.4621500095958404,2.3070361342012607e-12
0.4681500095958405,2.3352471094144973e-12
0.47415000959584075,2.364487625663492e-12
0.48015000959584087,2.394426749750733e-12
0.4861500095958412,2.4245733641129387e-12
0.4921500095958425,2.454720082558558e-12
0.4981500095958429,2.4848668010041725e-12
0.5041500095958442,2.515013519449789e-12
0.5101500095958436,2.5451600297285784e-12
0.516150009595844,2.5753067481741894e-12
0.5221500095958435,2.6054534666197956e-12
0.5281500095958439,2.6356001850654066e-12
0.5341500095958422,2.665746695344191e-12
0.5401500095958416,2.6958935178732063e-12
0.5461500095958409,2.726044607821968e-12
0.5521500095958403,2.756197883522311e-12
0.5581500095958396,2.7863576123939836e-12
0.5641500095958389,2.8165065165911704e-12
0.5701500095958374,2.846620656929894e-12
0.5761500095958367,2.8767324033502242e-12
0.5821500095958352,2.906842900769647e-12
0.5881500095958345,2.93695443902316e-12
0.5941500095958323,2.9670759692838875e-12
0.6001500095958309,2.9973120953774424e-12
0.6061500095958325,3.0275855874146856e-12
0.6121500095958307,3.0577826822300285e-12
0.6181500095958304,3.088075533781253e-12
0.6241500095958297,3.1182635733400575e-12
0.6301500095958292,3.1486272016091014e-12
0.6361500095958272,3.179027779488176e-12
0.642150009595827,3.209455210886668e-12
0.648150009595828,3.2397559727769477e-12
0.6541500095958257,3.270212755696642e-12
0.660150009595823,3.30087499926483e-12
0.6661500095958217,3.331608331801068e-12
0.6721500095958179,3.362358109515849e-12
0.6781500095958208,3.393095709471859e-12
0.6841500095958201,3.423770547132492e-12
0.6901500095958193,3.4544853528220094e-12
0.6961500095958202,3.4851953706747427e-12
0.7021500095958217,3.5157529063339416e-12
0.7081500095958231,3.5463682082848897e-12
0.7141500095958213,3.5769466647091907e-12
0.7201500095958203,3.6075451051479403e-12
0.7261500095958191,3.638072456618641e-12
0.7321500095958182,3.668767798710759e-12
0.7381500095958191,3.699441283287087e-12
0.744150009595821,3.730098739018504e-12
0.7501500095958211,3.760720285973958e-12
0.7561500095958198,3.791512841969666e-12
0.7621500095958189,3.822252003176788e-12
0.7681500095958161,3.852961396529052e-12
0.7741500095958167,3.883694416815074e-12
0.7801500095958191,3.914643306090452e-12
0.7861500095958185,3.946672685230067e-12
0.7921500095958167,3.979444803573151e-12
0.7981500095958163,4.012676137914803e-12
0.8041500095958186,4.0459505627876105e-12
0.8101500095958184,4.079186060465606e-12
0.8161500095958167,4.112489732776201e-12
0.8221500095958152,4.1458262954438975e-12
0.8281500095958145,4.179131529005624e-12
0.8341500095958174,4.2124454014902794e-12
0.8401500095958171,4.245781235574123e-12
0.8461500095958179,4.279157662187307e-12
0.8521500095958152,4.3125084842819694e-12
0.8581500095958138,4.3458185056804824e-12
0.8641500095958132,4.3790890794671586e-12
0.870150009595815,4.4123646492574574e-12
0.8761500095958137,4.4456340781266375e-12
0.8821500095958112,4.47883023227618e-12
0.8881500095958097,4.511397826721444e-12
0.8941500095958069,4.543785981370351e-12
0.9001500095958072,4.57605725035146e-12
0.9061500095958076,4.608274604126937e-12
0.9121500095958083,4.640611861989074e-12
0.918150009595808,4.672929031753353e-12
0.924150009595806,4.705370060773806e-12
0.9301500095958043,4.737637895002423e-12
0.9361500095958033,4.769936746086792e-12
0.9421500095958035,4.80231574139576e-12
0.9481500095958041,4.834785913770626e-12
0.9541500095958033,4.867442915863849e-12
0.9601500095958035,4.8999740811161275e-12
0.9661500095958022,4.932504934118173e-12
0.9721500095958007,4.96492941387667e-12
0.9781500095958007,4.997385222741152e-12
0.9841500095957998,5.029814906670082e-12
0.9901500095957982,5.0622247106679736e-12
0.9961500095957986,5.0947467165802986e-12
1.0021500095958027,5.128361494199104e-12
1.0081500095958011,5.162751901378454e-12
1.0141500095958018,5.1976098512290664e-12
1.0201500095957976,5.232706984752516e-12
1.0261500095958,5.267962533223832e-12
1.0321500095957998,5.30334090011723e-12
1.0381500095957983,5.338811693077422e-12
1.0441500095957985,5.374338691078241e-12
1.050150009595797,5.409848411233234e-12
1.0561500095957996,5.445385401241293e-12
1.062150009595797,5.4809454977660225e-12
1.0681500095957963,5.516510590294374e-12
1.074150009595794,5.55194807656382e-12
1.0801500095957928,5.587389309835982e-12
1.0861500095957954,5.622962937203852e-12
1.0921500095957941,5.657821303388085e-12
1.0981500095957921,5.691856577977435e-12
1.1041500095957915,5.725380594863955e-12
1.1101500095957908,5.758595484027047e-12
1.1161500095957924,5.79160428804121e-12
1.1221500095957913,5.824487151131002e-12
1.1281500095957928,5.857307356008855e-12
1.1341500095957908,5.8900698986783505e-12
1.1401500095957913,5.922803297993458e-12
1.1461500095957906,5.9555115091236874e-12
1.1521500095957888,5.988243659437884e-12
1.1581500095957877,6.020956450238091e-12
1.1641500095957855,6.053612827830859e-12
1.170150009595787,6.086237564067447e-12
1.1761500095957869,6.118851059295903e-12
1.182150009595787,6.151504314386422e-12
1.1881500095957878,6.18421065201531e-12
1.1941500095957835,6.216957790340322e-12
1.2001500095957847,6.2496339437807284e-12
1.2061500095957842,6.282332162903741e-12
1.2121500095957842,6.315168396626504e-12
1.2181500095957853,6.347906375611596e-12
1.224150009595782,6.3807080536427005e-12
1.230150009595782,6.4134545674672855e-12
1.2361500095957803,6.446046829680377e-12
1.2421500095957798,6.478688011095503e-12
1.2481500095957776,6.511390601721664e-12
1.2541500095957765,6.5441342012108e-12
1.2601500095957796,6.57691339722569e-12
1.2661500095957796,6.60970820575185e-12
1.2721500095957823,6.642527161628809e-12
1.2781500095957814,6.675327590659029e-12
1.2841500095957776,6.7081584120445255e-12
1.2901500095957756,6.741799835015887e-12
1.2961500095957763,6.775796182410451e-12
1.3021500095957736,6.8096924015659575e-12
1.3081500095957743,6.843659605606121e-12
1.3141500095957732,6.877587674284657e-12
1.3201500095957732,6.9115519639893765e-12
1.3261500095957715,6.945634492446213e-12
1.3321500095957732,6.979806116300794e-12
1.33815000959577,7.014028949192357e-12
1.3441500095957686,7.048304864622303e-12
1.3501500095957677,7.082579322884525e-12
1.3561500095957684,7.116919353694147e-12
1.3621500095957702,7.151268335676908e-12
1.3681500095957686,7.185622105496447e-12
1.374150009595768,7.219945691127512e-12
1.3801500095957644,7.2542390925700774e-12
1.386150009595767,7.288518130502289e-12
1.3921500095957662,7.322793421431777e-12
1.3981500095957666,7.357129080738235e-12
1.4041500095957697,7.391565492784194e-12
1.4101500095957662,7.426064563042068e-12
1.4161500095957678,7.4606138015029e-12
1.422150009595764,7.495179485142254e-12
1.4281500095957673,7.529769107965615e-12
1.4341500095957682,7.564397657983766e-12
1.440150009595768,7.599061388194e-12
1.4461500095957682,7.63373386141056e-12
1.4521500095957638,7.668395926286238e-12
1.4581500095957645,7.70305590949377e-12
1.4641500095957634,7.737688414681429e-12
1.4701500095957654,7.772292609181982e-12
1.4761500095957676,7.806849966148688e-12
1.4821500095957694,7.841260149175685e-12
1.4881500095957694,7.875720916739234e-12
1.4941500095957647,7.910391724621225e-12
1.5001500095957605,7.945146631897334e-12
1.5061500095957623,7.980002083746144e-12
1.5121500095957634,8.01492685514505e-12
1.5181500095957643,8.049916782757712e-12
1.5241500095957639,8.084983315759072e-12
1.5301500095957603,8.120092731124739e-12
1.536150009595762,8.155250233025188e-12
1.5421500095957605,8.190444996785881e-12
1.5481500095957625,8.225702002424915e-12
1.554150009595761,8.260973371574309e-12
1.5601500095957608,8.296218928038387e-12
1.56615000959576,8.33141056929683e-12
1.572150009595759,8.366594300216217e-12
1.578150009595761,8.401823619668569e-12
1.5841500095957572,8.437096237818854e-12
1.5901500095957561,8.472487094721275e-12
1.5961500095957526,8.507901058140378e-12
1.6021500095957533,8.543287751706469e-12
1.6081500095957515,8.579730267368964e-12
1.6141500095957522,8.617144713900594e-12
1.6201500095957502,8.655154725695977e-12
1.626150009595749,8.693517372079561e-12
1.6321500095957475,8.732054254089075e-12
1.6381500095957455,8.770688766335818e-12
1.6441500095957495,8.809436521331099e-12
1.6501500095957482,8.848263587883671e-12
1.65615000959575,8.887132704133322e-12
1.6621500095957458,8.925966223857207e-12
1.668150009595748,8.964777261564889e-12
1.674150009595743,9.00354437607411e-12
1.6801500095957413,9.042305037412023e-12
1.6861500095957411,9.081054041408182e-12
1.6921500095957436,9.119777440885857e-12
1.698150009595745,9.158464827504162e-12
1.704150009595744,9.196940716636259e-12
1.7101500095957434,9.235438046950515e-12
1.7161500095957418,9.273642694719907e-12
1.7221500095957385,9.31081608407729e-12
1.72815000959574,9.347261097741609e-12
1.734150009595739,9.383132403657936e-12
1.7401500095957356,9.417976822665414e-12
1.7461500095957334,9.45210160898612e-12
1.7521500095957336,9.485773840646427e-12
1.7581500095957332,9.51918024328127e-12
1.7641500095957334,9.552470488832167e-12
1.770150009595731,9.585694745502023e-12
1.7761500095957288,9.618864046132168e-12
1.782150009595728,9.651993795067066e-12
1.7881500095957308,9.685090653644872e-12
1.7941500095957297,9.718213324907981e-12
1.8001500095957266,9.751324963329771e-12
1.8061500095957255,9.784454295931032e-12
1.8121500095957233,9.817592579705422e-12
1.8181500095957237,9.850752720995623e-12
1.8241500095957224,9.884066905730484e-12
1.830150009595722,9.917379008797176e-12
1.8361500095957204,9.95050230456074e-12
1.8421500095957188,9.983626016657934e-12
1.848150009595718,1.0016858183666854e-11
1.8541500095957166,1.0050279157978897e-11
1.8601500095957166,1.0083685352446928e-11
1.866150009595713,1.0117000578015861e-11
1.8721500095957142,1.0150363473785937e-11
1.878150009595714,1.0183686609693939e-11
1.8841500095957155,1.021703805628908e-11
1.8901500095957149,1.0250308317825526e-11
1.8961500095957147,1.02835727506911e-11
1.9021500095957127,1.0316652123256247e-11
1.908150009595711,1.0350213402003018e-11
1.9141500095957094,1.0384783665312358e-11
1.920150009595709,1.0420266948281581e-11
1.9261500095957096,1.0455684242369787e-11
1.9321500095957116,1.0491006820556204e-11
1.9381500095957098,1.0526484483021358e-11
1.9441500095957103,1.056206955956416e-11
1.950150009595708,1.0597720833154784e-11
1.9561500095957087,1.0633370649577705e-11
1.962150009595705,1.0668991322646208e-11
1.9681500095957056,1.070460512620977e-11
1.974150009595708,1.074024370162458e-11
1.9801500095957074,1.077589018737842e-11
1.9861500095957085,1.081151523195011e-11
1.9921500095957048,1.0847083863314333e-11
1.9981500095957085,1.0882610236814725e-11
2.004150009595704,1.0918133071479175e-11
2.0101500095957054,1.0953632591460139e-11
2.016150009595706,1.0989014705356244e-11
2.0221500095957077,1.1024315217860042e-11
2.0281500095957075,1.1059820982845504e-11
2.0341500095957095,1.1095359638188091e-11
2.0401500095957106,1.1130954914904927e-11
2.046150009595714,1.1166638870685862e-11
2.0521500095957097,1.1202394019518221e-11
2.058150009595713,1.12381903853804e-11
2.064150009595712,1.1273948864881847e-11
2.0701500095957135,1.1309656551679936e-11
2.076150009595713,1.1345302621100136e-11
2.082150009595715,1.1380917881831413e-11
2.088150009595714,1.1416489843864715e-11
2.094150009595717,1.1452009347860129e-11
2.100150009595719,1.1487467650811311e-11
2.106150009595721,1.1522900141077162e-11
2.1121500095957204,1.1558348035687468e-11
2.1181500095957206,1.159377844428514e-11
2.1241500095957253,1.1629204689546498e-11
2.1301500095957264,1.1664592632113496e-11
2.136150009595731,1.1699971831674192e-11
2.142150009595734,1.1735269429842569e-11
2.148150009595735,1.1770542464326514e-11
2.154150009595739,1.1805805090469619e-11
2.16015000959574,1.1841088949628056e-11
2.166150009595742,1.1876569734595483e-11
2.172150009595743,1.1912035947885715e-11
2.178150009595746,1.1947570856225599e-11
2.1841500095957493,1.1982962962128946e-11
2.1901500095957527,1.2018389207390303e-11
2.1961500095957565,1.205391662172478e-11
2.2021500095957562,1.2089410729368498e-11
2.208150009595757,1.2124962707387375e-11
2.214150009595757,1.2160505526066302e-11
2.220150009595758,1.2196896000024522e-11
2.226150009595761,1.223425569868326e-11
2.232150009595765,1.2271752787441297e-11
2.2381500095957723,1.230942265465757e-11
2.244150009595776,1.2347204515621425e-11
2.25015000959578,1.2384841076146941e-11
2.256150009595782,1.242260670009906e-11
2.262150009595785,1.2460441019100826e-11
2.268150009595785,1.2498187075372113e-11
2.274150009595786,1.2535982259012257e-11
2.2801500095957903,1.257379825933412e-11
2.2861500095957936,1.2611730000406303e-11
2.2921500095957965,1.2649575976749826e-11
2.2981500095957967,1.2687496060480226e-11
2.3041500095957996,1.2725403237867984e-11
2.3101500095958016,1.2763518165739224e-11
2.3161500095958036,1.2801635175278642e-11
2.322150009595805,1.28397309518027e-11
2.3281500095958085,1.2877851708344831e-11
2.3341500095958105,1.2916175219366818e-11
2.3401500095958108,1.2954504559059669e-11
2.3461500095958137,1.2992781440714626e-11
2.3521500095958165,1.3031255664512218e-11
2.3581500095958177,1.3069823979711134e-11
2.36415000959582,1.3108242831135355e-11
2.370150009595821,1.3146712475262949e-11
2.3761500095958223,1.3185056802966646e-11
2.382150009595825,1.32235622517868e-11
2.3881500095958286,1.3262136395656604e-11
2.3941500095958306,1.3300792973585974e-11
2.400150009595834,1.3339589855950096e-11
2.406150009595835,1.3378285569241088e-11
2.4121500095958375,1.3417037071239073e-11
2.418150009595842,1.3455776499561671e-11
2.4241500095958433,1.349469120434426e-11
2.430150009595845,1.3533619648136785e-11
2.4361500095958455,1.3572540597923889e-11
2.4421500095958484,1.361145447003923e-11
2.4481500095958504,1.3650245940066096e-11
2.454150009595856,1.3689096945802676e-11
2.460150009595857,1.3728119897330163e-11
2.466150009595858,1.3767361007681997e-11
2.47215000959586,1.3806473887274496e-11
2.4781500095958604,1.3845602587545086e-11
2.4841500095958633,1.3884689654452263e-11
2.490150009595866,1.3923781301029416e-11
2.49615000959587,1.3963056967072908e-11
2.502150009595871,1.4002185251009861e-11
2.508150009595873,1.4041373070656514e-11
2.514150009595875,1.408040351618943e-11
2.5201500095958735,1.4119475595085755e-11
2.526150009595879,1.4158556416988435e-11
2.532150009595881,1.4197421161734918e-11
2.538150009595886,1.4236290902485037e-11
2.544150009595887,1.4275482885468031e-11
2.5501500095958907,1.4315755254231873e-11
2.5561500095958922,1.4356179584772208e-11
2.5621500095958933,1.4396725484733726e-11
2.5681500095958967,1.4437121088253305e-11
2.574150009595899,1.4477689470231085e-11
2.5801500095959025,1.4518336122932112e-11
2.5861500095959036,1.455903939700738e-11
2.5921500095959047,1.4599601950314285e-11
2.5981500095959067,1.4640246521347128e-11
2.6041500095959105,1.4680902749721748e-11
2.6101500095959116,1.472166764117488e-11
2.616150009595914,1.4762388817596437e-11
2.622150009595915,1.480302547829023e-11
2.6281500095959176,1.4843777879734337e-11
2.634150009595922,1.488452695050938e-11
2.64015000959592,1.492542673405998e-11
2.646150009595919,1.496618538050857e-11
2.652150009595923,1.50060684773244e-11
2.6581500095959254,1.5045295015999037e-11
2.664150009595928,1.508409980870219e-11
2.6701500095959343,1.5122719749271774e-11
2.6761500095959363,1.5161320122160503e-11
2.6821500095959427,1.5199950054737304e-11
2.688150009595944,1.5238602469330322e-11
2.694150009595946,1.5277245308249748e-11
2.7001500095959505,1.5315901469845497e-11
2.7061500095959525,1.535452390841686e-11
2.712150009595959,1.5393106378959367e-11
2.7181500095959628,1.5431634726129387e-11
2.7241500095959656,1.5470165571301225e-11
2.7301500095959685,1.5508706408480284e-11
2.7361500095959705,1.5547278054348267e-11
2.7421500095959734,1.5585861357558015e-11
2.7481500095959737,1.5624389288394392e-11
2.754150009595977,1.5662937619578874e-11
2.7601500095959786,1.570084354796571e-11
2.76615000959598,1.5737877673722474e-11
2.77215000959598,1.5774334761062165e-11
2.7781500095959846,1.581042172780106e-11
2.7841500095959875,1.584627804570658e-11
2.790150009595994,1.5882043602879847e-11
2.7961500095959995,1.591775503668065e-11
2.8021500095960015,1.595343024945526e-11
2.8081500095960044,1.5989093388554494e-11
2.8141500095960037,1.6024671179258677e-11
2.8201500095960093,1.6060195262924085e-11
2.8261500095960095,1.609568395823055e-11
2.832150009596015,1.6131206376561426e-11
2.838150009596018,1.6166735039896795e-11
2.8441500095960217,1.620215295848545e-11
2.8501500095960264,1.6237567546405047e-11
2.856150009596032,1.627324567351513e-11
2.8621500095960384,1.6309041206710065e-11
2.868150009596037,1.634495830932615e-11
2.8741500095960406,1.638114186546818e-11
2.8801500095960426,1.6417308768264825e-11
2.8861500095960473,1.6453458185048848e-11
2.892150009596052,1.6489628418514588e-11
2.8981500095960566,1.652576867595865e-11
2.9041500095960604,1.656192100707811e-11
2.910150009596059,1.6598082081203856e-11
2.9161500095960635,1.66342402409942e-11
2.922150009596063,1.6670342195743884e-11
2.9281500095960693,1.6706405431465633e-11
2.934150009596075,1.6742443687169314e-11
2.9401500095960773,1.6778563544265295e-11
2.946150009596079,1.6814785403101673e-11
2.952150009596081,1.6850879863845957e-11
2.9581500095960824,1.6887124204698573e-11
2.964150009596085,1.6923507600985024e-11
2.970150009596089,1.695997592933288e-11
2.9761500095960916,1.6996540847083866e-11
2.9821500095960936,1.7032944227384762e-11
2.9881500095960982,1.7069437952084304e-11
2.9941500095960993,1.7105983718488102e-11
3.0001500095961013,1.714275472138802e-11
3.0061500095961047,1.7179513234278923e-11
3.012150009596106,1.7216231779140924e-11
3.0181500095961087,1.725297363868646e-11
3.024150009596113,1.7289656795189575e-11
3.0301500095961167,1.732639074439605e-11
3.036150009596117,1.7363062659891016e-11
3.0421500095961185,1.73997882824248e-11
3.0481500095961223,1.74365126559577e-11
3.054150009596123,1.7473435204300468e-11
3.0601500095961276,1.7510476824062668e-11
3.0661500095961287,1.754804427320488e-11
3.0721500095961343,1.7585527206619374e-11
3.078150009596138,1.7623106313103355e-11
3.084150009596142,1.7660707068936303e-11
3.0901500095961465,1.769828367741848e-11
3.0961500095961476,1.7735839469218914e-11
3.102150009596153,1.777337527700494e-11
3.108150009596157,1.781087819443385e-11
3.1141500095961607,1.7848354050176535e-11
3.1201500095961645,1.788582407724835e-11
3.1261500095961665,1.7923269124302093e-11
3.132150009596173,1.7960729992033966e-11
3.138150009596175,1.7998221252121112e-11
3.1441500095961796,1.803575081490263e-11
3.1501500095961843,1.8073269969343287e-11
3.1561500095961836,1.8110774552106702e-11
3.16215000959619,1.814827372253293e-11
3.168150009596192,1.818558679182463e-11
3.174150009596195,1.8222993536184036e-11
3.1801500095961988,1.8260544331980897e-11
3.186150009596205,1.8299134296528816e-11
3.1921500095962063,1.8338383733553333e-11
3.1981500095962074,1.8377628174574235e-11
3.2041500095962103,1.8417028324374366e-11
3.210150009596215,1.845639391848286e-11
3.2161500095962157,1.8495817799300125e-11
3.22215000959622,1.8535384898887587e-11
3.228150009596221,1.8574986137833044e-11
3.234150009596223,1.8614545743415077e-11
3.2401500095962237,1.86541661337077e-11
3.246150009596228,1.869395097578585e-11
3.2521500095962286,1.873370875617776e-11
3.2581500095962306,1.8773522325276666e-11
3.264150009596235,1.881319600627449e-11
3.270150009596234,1.885283596424789e-11
3.2761500095962384,1.8892507979911175e-11
3.282150009596242,1.893212462320111e-11
3.288150009596244,1.8971725862146556e-11
3.294150009596247,1.901151986356468e-11
3.3001500095962477,1.9051320942654555e-11
3.306150009596251,1.909111910740901e-11
3.3121500095962544,1.9130930594839767e-11
3.3181500095962573,1.9170952747089438e-11
3.3241500095962593,1.9210946172318353e-11
3.3301500095962613,1.9250991222917897e-11
3.3361500095962637,1.9291015456835738e-11
3.342150009596267,1.9331245775902524e-11
3.348150009596271,1.937146485396119e-11
3.3541500095962697,1.9411783435758416e-11
3.360150009596272,1.945201084048975e-11
3.366150009596277,1.9492214097870317e-11
3.372150009596284,1.9532302030834224e-11
3.3781500095962853,1.9571468617465516e-11
3.3841500095962838,1.9609942841263078e-11
3.3901500095962858,1.9648359611019126e-11
3.3961500095962895,1.9685888757467003e-11
3.4021500095962933,1.9722782578789045e-11
3.4081500095962918,1.9759273389153108e-11
3.414150009596298,1.9795524391343907e-11
3.4201500095963002,1.983162343175817e-11
3.426150009596306,1.986761797243026e-11
3.432150009596308,1.9903513425697377e-11
3.4381500095963125,1.9939351841256623e-11
3.4441500095963153,1.9975137382444312e-11
3.45015000959632,2.0010910433622982e-11
3.456150009596324,2.0046697640145215e-11
3.4621500095963267,2.00824977530101e-11
3.468150009596333,2.011828662486688e-11
3.4741500095963334,2.0154079660059968e-11
3.48015000959634,2.0189896426270253e-11
3.486150009596347,2.022579229587105e-11
3.492150009596347,2.0261787252876736e-11
3.4981500095963503,2.0297775132210664e-11
3.5041500095963514,2.0333745525531944e-11
3.510150009596357,2.0369680530494342e-11
3.516150009596359,2.040557598376146e-11
3.522150009596362,2.0441485176038526e-11
3.528150009596363,2.0477358563623033e-11
3.5341500095963667,2.0513173664498764e-11
3.5401500095963705,2.0548958373019196e-11
3.5461500095963725,2.0584694786838042e-11
3.5521500095963754,2.0620430367989624e-11
3.5581500095963774,2.065612265044324e-11
3.564150009596382,2.0691832835243145e-11
3.5701500095963867,2.0727541771042144e-11
3.5761500095963914,2.0763263613183813e-11
3.5821500095963934,2.0799001692337203e-11
3.5881500095964,2.0834769331178645e-11
3.594150009596399,2.087053863535459e-11
3.600150009596404,2.0906342911555834e-11
3.606150009596403,2.0942152600094288e-11
3.612150009596408,2.0977974778641814e-11
3.6181500095964125,2.1013759070828606e-11
3.624150009596417,2.1049505892988323e-11
3.63015000959642,2.1085268952159765e-11
3.636150009596423,2.1121023684658524e-11
3.6421500095964268,2.1156768008816433e-11
3.6481500095964288,2.1192499842965307e-11
3.6541500095964325,2.1228208362430662e-11
3.6601500095964328,2.126388857120887e-11
3.6661500095964348,2.1299657875384824e-11
3.6721500095964386,2.133541010988178e-11
3.678150009596439,2.1371401319884776e-11
3.684150009596439,2.140744915126202e-11
3.690150009596442,2.1443528623995482e-11
3.696150009596444,2.147961600706798e-11
3.702150009596445,2.1515799146876363e-11
3.708150009596448,2.155215339980843e-11
3.714150009596449,2.1588405234666458e-11
3.720150009596451,2.1624704531558795e-11
3.726150009596455,2.1661063780494473e-11
3.7321500095964555,2.1697605799895566e-11
3.738150009596458,2.1734002102524687e-11
3.74415000959646,2.1770442120185397e-11
3.750150009596464,2.1806880056177948e-11
3.756150009596464,2.1843405422233665e-11
3.762150009596466,2.18798579299034e-11
3.7681500095964697,2.191650777971577e-11
3.7741500095964717,2.1953296268628318e-11
3.7801500095964737,2.1990177183607676e-11
3.78615000959648,2.2027078082601507e-11
3.792150009596485,2.2063643000352494e-11
3.798150009596487,2.2099535539284187e-11
3.8041500095964906,2.2135534243292602e-11
3.8101500095964917,2.2171592066677075e-11
3.8161500095964973,2.2207723581114828e-11
3.8221500095964975,2.2243868834562484e-11
3.8281500095965013,2.2280006594004744e-11
3.8341500095965024,2.231609522607815e-11
3.840150009596509,2.2352167621139857e-11
3.8461500095965127,2.2388215868850747e-11
3.8521500095965164,2.242423830387632e-11
3.8581500095965158,2.246021868920481e-11
3.864150009596522,2.2496174094515293e-11
3.8701500095965233,2.253211576081582e-11
3.876150009596527,2.2568059925118154e-11
3.882150009596531,2.2603914994022776e-11
3.888150009596533,2.2639779222267338e-11
3.8941500095965353,2.2675900744697856e-11
3.9001500095965373,2.271213634254416e-11
3.906150009596537,2.2748647136922677e-11
3.9121500095965414,2.2786278701444568e-11
3.9181500095965425,2.2824787897267425e-11
3.9241500095965467,2.286383791048116e-11
3.930150009596548,2.2903208084259593e-11
3.93615000959655,2.2942786008521527e-11
3.9421500095965545,2.2982429713497686e-11
3.94815000959656,2.302209756582463e-11
3.954150009596559,2.3061791647170497e-11
3.960150009596561,2.3101506961531724e-11
3.9661500095965643,2.3141059073108356e-11
3.9721500095965654,2.318073525210795e-11
3.978150009596572,2.3220436827459277e-11
3.984150009596574,2.3260359059636717e-11
3.9901500095965763,2.3300262556800628e-11
3.99615000959658,2.3340107350922138e-11
4.002150009596581,2.337992425069011e-11
4.0081500095965845,2.3419788196158776e-11
4.0141500095965865,2.3459724583679773e-11
4.020150009596593,2.3499756727936673e-11
4.026150009596595,2.3539798031533505e-11
4.032150009596598,2.357981518777955e-11
4.038150009596604,2.361981485801299e-11
4.044150009596605,2.3659792878897416e-11
4.050150009596611,2.369976257310918e-11
4.056150009596615,2.3739758912673515e-11
4.062150009596616,2.3779790224263107e-11
4.068150009596617,2.3819867332552474e-11
4.074150009596619,2.385993694683643e-11
4.08015000959662,2.38998666730193e-11
4.086150009596621,2.3939777247854987e-11
4.092150009596625,2.3979769424082986e-11
4.098150009596624,2.4020387766096868e-11
4.104150009596632,2.4062043611527284e-11
4.110150009596635,2.4104268168702065e-11
4.1161500095966375,2.414614633629316e-11
4.122150009596641,2.418712855390339e-11
4.1281500095966415,2.4227557047780057e-11
4.134150009596644,2.4267611674053197e-11
4.140150009596647,2.430738652412413e-11
4.146150009596647,2.4346975689394162e-11
4.152150009596648,2.4386462436590214e-11
4.158150009596649,2.4425810128352402e-11
4.16415000959665,2.4465057900042384e-11
4.170150009596652,2.4504198257654727e-11
4.176150009596653,2.4543262842545644e-11
4.182150009596657,2.4582239997373396e-11
4.188150009596658,2.4621332060284178e-11
4.194150009596661,2.4660874596187214e-11
4.1970729444684025,9.445373117271089e-08
4.197072944468427,9.445373124927563e-08
4.197072944468427,9.445373125082969e-08
4.197072944468427,9.445373123774735e-08
4.197072944468427,9.445373125371465e-08
4.197072944468427,9.44537312546019e-08
4.197072944468427,9.445373125548847e-08
4.197072944468427,9.445373122466567e-08
4.197072944468943,9.445377361598652e-08
4.197072944468943,9.445377361598652e-08
4.197072944468943,9.445377361598652e-08
4.197072944468943,9.445377361576568e-08
4.197072944468943,9.445377361576568e-08
4.197072944468943,9.445377361576568e-08
4.197072944468943,9.445377361576568e-08
4.197072944468943,9.445377361576568e-08
4.197072944468943,9.445377361576568e-08
4.197072944468943,9.445377361554671e-08
4.197072944468973,9.44537789325221e-08
4.197072944468973,9.445377884997726e-08
4.197072944468973,9.44537788480181e-08
4.197072944468973,9.445377893883791e-08
4.197072944468973,9.445377894035553e-08
4.197072944468973,9.445377883934633e-08
4.197072944468973,9.445377894316429e-08
4.197072944468973,9.445377894338027e-08
4.197072944468973,9.445377905731544e-08
4.19707294446895,9.445377283946254e-08
4.19707294446895,9.445377271696634e-08
4.19707294446895,9.445377284117022e-08
4.19707294446895,9.445377284117022e-08
4.19707294446895,9.445377284117022e-08
4.19707294446895,9.445377270085812e-08
4.19707294446895,9.445377284306354e-08
4.1970729444689505,9.445377299198394e-08
4.197072944468924,9.445376334881899e-08
4.197072944468924,9.445376365958852e-08
4.197072944468924,9.445376350067333e-08
4.197072944468924,9.445376349922857e-08
4.197072944468924,9.445376349902267e-08
4.197072944468924,9.445376349902267e-08
4.197072944468924,9.445376349902267e-08
4.197072944468924,9.445376349902267e-08
4.1970729444689,9.445375258805214e-08
4.1970729444689,9.445375258664437e-08
4.1970729444689,9.445375277939148e-08
4.1970729444689,9.445375278078578e-08
4.1970729444689,9.445375257987848e-08
4.1970729444689,9.445375278335577e-08
4.1970729444689,9.445375278551274e-08
4.197072944468879,9.445374105709299e-08
4.197072944468879,9.445374105709299e-08
4.197072944468879,9.445374105690054e-08
4.197072944468879,9.445374128119442e-08
4.197072944468879,9.445374105441399e-08
4.197072944468879,9.445374105384426e-08
4.197072944468879,9.445374105384426e-08
4.19707294446886,9.445372884238325e-08
4.19707294446886,9.445372884238325e-08
4.19707294446886,9.445372884238325e-08
4.19707294446886,9.445372884238325e-08
4.19707294446886,9.445372884238325e-08
4.19707294446886,9.445372884292531e-08
4.197072944468843,9.445371626025845e-08
4.197072944468843,9.445371625829696e-08
4.197072944468843,9.445371625652522e-08
4.197072944468843,9.44537165286126e-08
4.197072944468843,9.445371625424967e-08
4.197072944468843,9.445371625303885e-08
4.197072944468828,9.44537035166e-08
4.197072944468828,9.445370380233527e-08
4.197072944468828,9.445370380233527e-08
4.197072944468828,9.445370380250202e-08
4.197072944468828,9.445370380250202e-08
4.197072944468828,9.445370380250202e-08
4.197072944468815,9.445369147047616e-08
4.197072944468815,9.445369146934711e-08
4.197072944468815,9.445369177831887e-08
4.197072944468815,9.44536914672803e-08
4.197072944468815,9.445369146618378e-08
4.197072944468803,9.445368006105409e-08
4.197072944468803,9.4453679740648e-08
4.197072944468803,9.445367973867413e-08
4.197072944468803,9.44536797368706e-08
4.197072944468793,9.445366917805907e-08
4.197072944468793,9.445366917703061e-08
4.197072944468793,9.445366951342125e-08
4.197072944468793,9.445366917529618e-08
4.197072944468785,9.44536592865968e-08
4.197072944468785,9.44536596320941e-08
4.197072944468785,9.445365928534789e-08
4.197072944468778,9.445365087762407e-08
4.197072944468778,9.445365052539857e-08
4.197072944468778,9.44536505240675e-08
4.197072944468772,9.445364264508743e-08
4.197072944468772,9.445364264430921e-08
4.1970729444687676,9.445363681574054e-08
4.1970729444687676,9.445363644955633e-08
4.197072944468765,9.445363239801663e-08
4.197072944468763,9.445362943122321e-08
4.197072944468763,9.445362980393586e-08
4.197072944468763,9.445362980476554e-08
4.197072944468763,9.445362980511688e-08
4.197072944468763,9.445362980511688e-08
4.197072944468763,9.445362980511688e-08
4.197072944468763,9.445362980578155e-08
4.197072944468763,9.445362941849854e-08
4.197072944468763,9.445362980718587e-08
4.197072944468763,9.445362980771285e-08
4.197072944468763,9.445362980771285e-08
4.197072944468763,9.445362980771285e-08
4.197072944468763,9.445362980810822e-08
4.197072944468763,9.44536298087886e-08
4.197072944468763,9.445362940725487e-08
4.197072944468763,9.445362981001308e-08
4.197072944468763,9.445362981001308e-08
4.197072944468763,9.445362981001308e-08
4.197072944468763,9.44536294008652e-08
4.197072944468763,9.445362981078224e-08
4.197072944468763,9.445362981136321e-08
4.197072944468763,9.445362939754546e-08
4.197072944468763,9.445362981200857e-08
4.197072944468763,9.445362981200857e-08
4.197072944468763,9.445362981208233e-08
4.197072944468763,9.445362939215175e-08
4.197072944468763,9.445362981301246e-08
4.197072944468763,9.44536298134912e-08
4.197072944468763,9.44536298136916e-08
4.197072944468763,9.44536298136916e-08
4.197072944468763,9.44536298136916e-08
4.197072944468763,9.445362981398941e-08
4.197072944468763,9.445362938498313e-08
4.197072944468763,9.445362981472613e-08
4.197072944468763,9.445362981499498e-08
4.197072944468763,9.445362981499498e-08
4.197072944468763,9.445362981499498e-08
4.197072944468763,9.445362981513423e-08
4.197072944468763,9.445362981544775e-08
4.197072944468763,9.445362937946703e-08
4.197072944468763,9.445362981598745e-08
4.197072944468763,9.445362981598745e-08
4.197072944468763,9.445362981598745e-08
4.197072944468763,9.445362937680798e-08
4.197072944468763,9.445362981624295e-08
4.197072944468763,9.44536298164492e-08
4.197072944468763,9.44536293756295e-08
4.197072944468763,9.445362981666509e-08
4.197072944468763,9.445362981666509e-08
4.197072944468763,9.445362981666509e-08
4.197072944468763,9.445362937404856e-08
4.197072944468763,9.445362981689026e-08
4.197072944468763,9.445362981698824e-08
4.197072944468763,9.445362981702524e-08
4.197072944468763,9.445362981702524e-08
4.197072944468763,9.445362981702524e-08
4.197072944468763,9.44536298170492e-08
4.197072944468763,9.445362937299315e-08
4.197072944468763,9.445362981707253e-08
4.197072944468763,9.44536298170665e-08
4.197072944468763,9.44536298170665e-08
4.197072944468763,9.44536298170665e-08
4.197072944468763,9.445362981704025e-08
4.197072944468763,9.445362981696735e-08
4.197072944468763,9.445362937364681e-08
4.197072944468763,9.445362981678872e-08
4.197072944468763,9.445362981678872e-08
4.197072944468763,9.445362981678872e-08
4.197072944468763,9.445362937497038e-08
4.1970577965661855,0.00014099938925337213
4.196996567901067,0.0006875799682954306
4.196885779502746,0.0016310966422936213
4.196721089695374,0.0029710118477148328
4.196498161265268,0.004706752414458094
4.196212661720471,0.006837709598938235
4.19586026355006,0.009363239118938813
4.195436644483235,0.01228266119024193
4.1949374877481125,0.015595260565025849
4.19435833690718,0.019300263514282393
4.193692407809371,0.023396479013538755
4.192934009616595,0.02788282091209079
4.192083103709742,0.03273070325871887
4.1911878217836165,0.03764988890711577
4.190261540388975,0.04256333168673451
4.1893042963529465,0.04747083624874253
4.188316127733673,0.05237220748040012
4.1872970738187965,0.057267250512818016
4.186247030398366,0.062155739305321506
4.185164972166901,0.06703724105071379
4.1840507298344125,0.07191149723304993
4.182904351906923,0.07677829566260513
4.181725888289406,0.08163742447430924
4.180515390283608,0.08648867213697409
4.179272910585825,0.09133182746249789
4.177998503284603,0.0961666796150609
4.1766922238583835,0.10099301812030324
4.175354129173088,0.1058106328744873
4.173984277479642,0.11061931415364441
4.17258201054485,0.11541864132041643
4.1711444452489195,0.1202075129023328
4.16967134145184,0.12498557215386681
4.168162780462922,0.12975255534566282
4.16661884554857,0.13450819935971528
4.16503962192769,0.1392522417038986
4.163425196766973,0.1439844205264489
4.161775659176098,0.14870447463042177
4.160091088391238,0.15341213921507063
4.158370186296679,0.15810664290663784
4.156612102664833,0.1627873491431618
4.154816948103407,0.1674539634436769
4.152984835552367,0.17210619221379578
4.151115880276862,0.17674374276417956
4.149210199859947,0.18136632332895333
4.147267914195199,0.1859736430840563
4.14528914547917,0.19056541216554454
4.143274018203699,0.19514134168782651
4.141222659148075,0.1997011437618374
4.139135197371072,0.20424453151315203
4.137011764202818,0.20877121910003155
4.134852440111423,0.21328089611212245
4.132656970163613,0.21777308675354345
4.1304254170095795,0.22224746219278974
4.128157925199335,0.22670373259987636
4.125854641610832,0.2311416093175814
4.123515715440461,0.23556080488014233
4.121141298193374,0.23996103303187993
4.118731543673675,0.24434200874573703
4.116286607974463,0.24870344824174526
4.113805574156987,0.2530444526312083
4.111287541277398,0.2573641005717312
4.10873269315608,0.2616620767221713
4.106141216300992,0.26593806732345915
4.103513299894052,0.27019176022150615
4.100849135777321,0.2744228448899906
4.098148918439001,0.2786310124530279
4.09541284499924,0.2828159557077184
4.092641115195727,0.2869773691465733
4.089833690973866,0.29111478495698495
4.086989795776804,0.29522721687635173
4.08410954596105,0.29931426925944404
4.081193168005489,0.3033756207344608
4.078240891229829,0.3074109519505043
4.075252947776551,0.31141994560269526
4.072229572592678,0.3154022864571204
4.069171003411283,0.31935766137562144
4.066077480732803,0.3232857593404172
4.0629492478061335,0.3271862714785582
4.059786550609486,0.33105889108621567
4.0565896378310615,0.33490331365279713
4.053358829515537,0.33871929543791984
4.050095456731685,0.34250746765423984
4.046800129080978,0.34626787539029236
4.043473082771258,0.3500002491014671
4.040114556283953,0.35370432125262175
4.036724790356977,0.35737982633725957
4.033304027967475,0.36102650089656063
4.0298525143144035,0.36464408353826583
4.026370496800966,0.36823231495541436
4.022858409991669,0.37179112166285344
4.01931868799363,0.375322445403927
4.015752177436352,0.3788267116084964
4.012159085140954,0.3823037170649794
4.008539619470022,0.38575326014263683
4.00489399031553,0.3891751408032668
4.001222409086671,0.39256916061280506
3.9975250886975804,0.39593512275283016
3.9938022435550113,0.3992728320319804
3.9900572797416514,0.4025795347893034
3.986295977645226,0.40587076559368646
3.982526000360496,0.409155162259018
3.9787489022353917,0.412431367371028
3.974964701068802,0.4156993654911943
3.9711734146930886,0.4189591412196686
3.9673750609739993,0.4222106791953505
3.9635696578105843,0.4254539640959581
3.9597572231351195,0.42868898063810007
3.9559377749130067,0.4319157135773473
3.952118133277525,0.4351327695569496
3.9483025552811535,0.4383640756433185
3.9444983122081254,0.44160871878417696
3.9407054506768273,0.4448666592186527
3.936924017166169,0.44813785702292436
3.933154058015021,0.45142227211070984
3.92939561942164,0.45471986423376043
3.9256487474431125,0.4580305929823486
3.92191348799478,0.46135441778576886
3.9181898868496785,0.46469129791283237
3.9144779896379815,0.468041192472366
3.9107778418464383,0.47140406041371347
3.9070925768139877,0.47477942841426535
3.9034281787711067,0.4781812035615567
3.899788914303097,0.48160985363137604
3.8961749805073027,0.48506519293295053
3.8925865731091953,0.4885470343300589
3.8890238864517785,0.492055189251162
3.885487113485052,0.4955894676996193
3.8819764457555688,0.4991496782639771
3.8784925342500256,0.5027355042164839
3.8750379196133222,0.5063501255129633
3.8716141613399793,0.5099939872955805
3.868221506917336,0.5136668261667549
3.864860201584375,0.5173683766342897
3.8615304883140062,0.5210983711305617
3.858232607795494,0.5248565400318626
3.8549667984170637,0.5286426116778903
3.8517332962486726,0.532456312391384
3.8485323350249394,0.5362973664979087
3.845364146128253,0.5401654963457809
3.8422289585720435,0.5440604223261398
3.8391262162425432,0.5479817581542468
3.836052396092282,0.5519253004492752
3.8330064951367713,0.5558904465396555
3.8299886652093735,0.5598769987691044
3.826999056744151,0.5638847584142811
3.8240378187683732,0.5679135256946826
3.8211050988950843,0.5719630997826144
3.8182010433157467,0.576033278813191
3.815325796792952,0.5801238598944057
3.8124794997447435,0.5842346371180387
3.809661016177368,0.5883645357217563
3.806869418329228,0.5925126550005142
3.804104823987728,0.5966788199304578
3.801367349800904,0.6008628547263231
3.798657111272493,0.6050645828488532
3.7959742227570645,0.6092838270122463
3.793318797455193,0.6135204091916364
3.790690947408686,0.6177741506306065
3.788090775140113,0.622044866794788
3.785517923030948,0.6263320976909243
3.782972226297653,0.6306355085328624
3.780453786687492,0.6349549273204297
3.777962704858306,0.6392901814136424
3.7754990803744928,0.6436410975396063
3.7730630117030226,0.6480075017994416
3.7706545962095106,0.6523892196752328
3.7682739301543164,0.6567860760370059
3.7659211086887017,0.6611978951497265
3.763596225851028,0.6656245006803228
3.7612993745629932,0.670065715704736
3.759030655605841,0.6745213672539186
3.7567912216645762,0.6789918081064241
3.7545818997723344,0.6834772069258712
3.752402789832932,0.6879773608860188
3.750253990384023,0.692492066493409
3.748135598592645,0.6970211195965703
3.7460477102508247,0.7015643153952483
3.7439904197712472,0.7061214484496663
3.741963820182986,0.7106923126898169
3.7399680031272964,0.715276701424779
3.738003741404452,0.7198746978836252
3.7360721241207946,0.7244865033781017
3.7341732568082806,0.7291118896515789
3.7323072349422213,0.7337506241389995
3.730474152346451,0.7384024736041577
3.728674101188615,0.7430672041514216
3.7269071719755336,0.7477445812374984
3.725173453548649,0.7524343696832271
3.723473033079562,0.7571363336853986
3.7218059755307364,0.7618502296101639
3.7201723050124236,0.7665758000954515
3.718572099489231,0.771312807384591
3.717005439016982,0.7760610144923861
3.715472401973294,0.7808201838733284
3.713973065053654,0.7855900774334854
3.7125075032675845,0.7903704565424092
3.711075789934892,0.7951610820450769
3.709677996681994,0.7999617142738543
3.7083141934383406,0.8047721130604851
3.706984430445765,0.8095920328380269
3.705688560246645,0.8144211754107118
3.7044265846029862,0.8192592860993069
3.703198565567295,0.824106127009453
3.702004563522399,0.828961459817518
3.7008446371784776,0.833825045782314
3.699718843570177,0.8386966457568393
3.698627238053808,0.8435760202000356
3.697569874304618,0.8484629291885663
3.6965472405185005,0.8533572226091679
3.695561183343048,0.8582590155297616
3.6946119520218135,0.8631680727191241
3.6936996000504276,0.868084117518549
3.6928241788461205,0.8730068728755306
3.691985737744819,0.8779360613593776
3.691184323998373,0.8828714051768489
3.690419982771889,0.8878126261878079
3.689692757141185,0.8927594459208982
3.689002688090364,0.8977115855892382
3.688349814509504,0.9026687661061308
3.6877335317385405,0.9076306295844456
3.6871525495892365,0.9125967502662101
3.6866068573088775,0.9175668724798796
3.6860964824307447,0.9225407454544764
3.685621450706161,0.9275181182297761
3.6851817861031813,0.9324987396689689
3.6847775108053904,0.9374823584713304
3.684408645210778,0.9424687231849028
3.6840754392472608,0.9474575970264775
3.683780658260567,0.952448886985946
3.683525118004064,0.9574423397460012
3.6833088342652394,0.9624376468070263
3.6831318204062793,0.96743449955484
3.6829940873632463,0.9724325892797712
3.6828956436454003,0.9774316071957242
3.682836495334676,0.9824312444592603
3.682816646085305,0.9874311921886777
3.68283609712359,0.9924311414830919
3.6828947387567217,0.997430785052317
3.6829908557909268,1.002429849776256
3.683123852283531,1.0074280693123863
3.683293720995188,1.0124251715946284
3.6835004526795045,1.0174208846177208
3.683744036083536,1.0224149364520212
3.6840244579484045,1.02740705525831
3.6843417030100207,1.0323969693025883
3.6846957539999114,1.037384406970866
3.68508659164616,1.042369096783951
3.6855141946744587,1.0473507674122224
3.6859785398092613,1.0523291476904033
3.6864796017750576,1.0573039666323176
3.687017320319171,1.0622749570663763
3.68759160897257,1.0672418554652774
3.6882024356031247,1.0722043929200311
3.6888497671273006,1.0771623006501365
3.6895335684843866,1.0821153101258483
3.6902538026383946,1.087063153082717
3.6910104305800693,1.0920055615361242
3.6918034113289964,1.096942267795794
3.6926327019358243,1.1018730044802922
3.693498327443446,1.1067974920111643
3.6944017784575434,1.1117151793791042
3.6953436300016422,1.1166256567950534
3.6963238245628274,1.1215286244072138
3.697342302286815,1.126423782822363
3.698399000981613,1.1313108331241388
3.6994938561213146,1.1361894768912875
3.700626800850042,1.1410594162158907
3.7017977659860257,1.1459203537215554
3.7030066800258323,1.1507719925815725
3.704253596516705,1.1556140034721225
3.705538749713217,1.1604460062639321
3.706862073419561,1.1652676951886547
3.7082234848818563,1.170078768722586
3.7096228989644087,1.1748789260058545
3.711060228155038,1.1796678668612337
3.7125353825705467,1.1844452918129171
3.7140482699623414,1.1892109021052422
3.7155987957221996,1.1939643997213742
3.71718686288819,1.198705487401945
3.718812372150736,1.2034338686636394
3.720475837203787,1.2081490296582347
3.722178045206064,1.2128503429636774
3.7239188884648327,1.2175374874704485
3.725698249059026,1.2222101456812293
3.7275160064584982,1.2268680010799737
3.729372037532182,1.231510738153346
3.731266216556436,1.236138042412094
3.7331984152235527,1.2407496004123524
3.735168502650454,1.2453450997768736
3.73717617909916,1.2499243023971232
3.739221143886858,1.254486974900936
3.741303260927345,1.2590328136562918
3.743422391662042,1.263561516151405
3.745578395069225,1.268072781014855
3.7477711276734027,1.2725663080356426
3.7500004435548715,1.2770417981831697
3.7522661943594167,1.281498953627136
3.7545682293081906,1.2859374777573616
3.756906395207749,1.2903570752035225
3.759280536460242,1.2947574518548097
3.7616910910386347,1.2991379853537708
3.7641393452575365,1.3034975605269776
3.766625182697976,1.307835815548403
3.7691484177117442,1.312152426426917
3.7717088618576913,1.3164470707878275
3.7743063239158015,1.3207194278969518
3.7769406099014766,1.3249691786845739
3.779611523080018,1.3291960057692689
3.7823193611082453,1.3333992722350305
3.785064411371496,1.3375783313183132
3.787846457476278,1.3417328535820894
3.7906652801126985,1.345862511523582
3.79352065707176,1.3499669796000808
3.7964123632628684,1.354045934254602
3.799340170731582,1.3580990539413973
3.8023038486775773,1.3621260191512987
3.8053031634728502,1.3661265124369075
3.808337878680124,1.3701002184376174
3.811407755071495,1.3740468239044767
3.814512550647286,1.3779660177248796
3.817651341217027,1.3818580414071655
3.820822235643049,1.3857239548188527
3.824024941907358,1.3895635551303684
3.8272592416645614,1.39337658057589
3.8305249144153692,1.3971627712013426
3.833821737521631,1.4009218688821239
3.8371494862215116,1.4046536173406994
3.840507933644815,1.4083577621640773
3.843897739698254,1.4120332286606712
3.8473197320345225,1.4156787474654269
3.8507736485227535,1.4192940344246616
3.854259222088385,1.4228788099858185
3.8577761832089634,1.4264327969556365
3.861324259934989,1.4299557205215871
3.8649031779109437,1.4334473082731245
3.8685126603965063,1.4369072902227473
3.87215242828795,1.440335398826878
3.8758222001397247,1.4437313690065512
3.879521692186219,1.4470949381679075
3.8832506449104534,1.4504258163448234
3.887008877856527,1.4537236220391025
3.8907961093523706,1.4569880844559584
3.8936062967591876,1.459372611374264
3.8938491367880324,1.4595769346101641
3.8938491367880324,1.4595769346101641
3.893849136788032,1.459576934610164
3.893849136788032,1.459576934610164
3.8938491367880324,1.4595769346101641
3.8938491367880324,1.4595769346101641
3.893849136788358,1.4595769346104743
3.8938491367883543,1.459576934610471
3.8938491367883548,1.4595769346104712
3.8938491367883548,1.4595769346104712
3.8938491367883543,1.459576934610471
3.8938491367883543,1.459576934610471
3.8938491367883548,1.4595769346104712
3.8938491367883747,1.4595769346104928
3.8938491367883747,1.4595769346104928
3.8938491367883747,1.4595769346104928
3.8938491367883747,1.4595769346104928
3.8938491367883747,1.4595769346104928
3.8938491367883747,1.4595769346104928
3.8938491367883747,1.4595769346104928
3.893849136788364,1.4595769346104794
3.893849136788364,1.4595769346104794
3.893849136788364,1.4595769346104794
3.893849136788364,1.4595769346104794
3.893849136788364,1.4595769346104794
3.893849136788364,1.4595769346104794
3.893849136788352,1.4595769346104623
3.8938491367883525,1.4595769346104628
3.8938491367883525,1.4595769346104628
3.893849136788352,1.4595769346104623
3.893849136788352,1.4595769346104623
3.8938491367883525,1.4595769346104628
3.893849136788342,1.4595769346104457
3.893849136788342,1.4595769346104457
3.893849136788342,1.4595769346104457
3.893849136788342,1.4595769346104457
3.893849136788342,1.4595769346104457
3.893849136788342,1.4595769346104457
3.893849136788333,1.4595769346104297
3.893849136788333,1.4595769346104297
3.893849136788333,1.4595769346104297
3.893849136788333,1.4595769346104297
3.893849136788333,1.4595769346104297
3.893849136788326,1.4595769346104144
3.893849136788326,1.4595769346104144
3.893849136788326,1.4595769346104144
3.893849136788326,1.4595769346104144
3.89384913678832,1.4595769346104004
3.89384913678832,1.4595769346104008
3.89384913678832,1.4595769346104004
3.89384913678832,1.4595769346104004
3.8938491367883152,1.4595769346103884
3.8938491367883152,1.4595769346103884
3.8938491367883152,1.459576934610388
3.8938491367883117,1.4595769346103775
3.8938491367883117,1.4595769346103775
3.8938491367883117,1.4595769346103775
3.8938491367883086,1.4595769346103682
3.8938491367883086,1.4595769346103682
3.8938491367883086,1.4595769346103682
3.893849136788307,1.4595769346103618
3.893849136788305,1.4595769346103558
3.893849136788305,1.4595769346103558
3.8938491367883037,1.459576934610351
3.8938491367883037,1.459576934610351
3.8938491367883037,1.459576934610351
3.8938491367883037,1.459576934610351
3.8938491367883037,1.459576934610351
3.8938491367883037,1.459576934610351
3.8938491367883037,1.459576934610351
3.8938491367883037,1.459576934610351
3.8938491367883037,1.459576934610351
3.8938491367883037,1.459576934610351
3.8938491367883037,1.459576934610351
3.8938491367883037,1.459576934610351
3.8938491367883037,1.459576934610351
3.8938491367883037,1.4595769346103515
3.8938491367883037,1.459576934610351
3.8938491367883037,1.459576934610351
3.8938491367883037,1.459576934610351
3.8938491367883037,1.459576934610351
3.8938491367883037,1.459576934610351
3.8938491367883037,1.459576934610351
3.8938491367883037,1.459576934610351
3.8938491367883037,1.459576934610351
3.8938491367883037,1.459576934610351
3.8938491367883037,1.459576934610351
3.8938491367883037,1.459576934610351
3.8938491367883037,1.459576934610351
3.8938491367883037,1.459576934610351
3.8938491367883037,1.459576934610351
3.8938491367883037,1.459576934610351
3.8938491367883037,1.459576934610351
3.8938491367883037,1.459576934610351
3.8938491367883037,1.459576934610351
3.8938491367883037,1.459576934610351
3.8938491367883037,1.459576934610351
3.8938491367883037,1.459576934610351
3.8938491367883037,1.459576934610351
3.8938491367883037,1.459576934610351
3.8938491367883037,1.459576934610351
3.8938491367883037,1.4595769346103515
3.8938491367883037,1.459576934610351
3.8938491367883037,1.459576934610351
3.8938491367883037,1.459576934610351
3.8938491367883037,1.459576934610351
3.8938491367883037,1.459576934610351
3.8938491367883037,1.459576934610351
3.8938491367883037,1.459576934610351
3.8938482233598357,1.4595809407193794
3.893774194106355,1.4599025297520754
3.893607390257167,1.4606132164533194
3.893344288118731,1.4617121591744964
3.8929813697538904,1.4631984923408896
3.8925151231262625,1.4650713264867241
3.891941758444024,1.467329676029746
3.8912573667876296,1.469972495345424
3.890458267316975,1.4729987672202796
3.8895407864148637,1.4764074480738087
3.8885012578548035,1.4801974680044554
3.8873360229685137,1.4843677308365901
3.886041430813155,1.4889171141684872
3.884651821084081,1.4937138811559378
3.883237647877248,1.4985097196312736
3.881800600778056,1.5032987537901759
3.880340667785238,1.508080860783523
3.8788571771335634,1.51285571196443
3.877349921811708,1.517623114790724
3.8758189392140006,1.5223829509852733
3.8742642673234355,1.5271351024586692
3.8726859447107262,1.531879451312161
3.8710840105333517,1.536615879840576
3.869458504534583,1.54134427053524
3.8678094670424956,1.5460645060868945
3.8661369389689733,1.550776469388608
3.8644409618086883,1.5554800435386775
3.862721442089056,1.5601750619427162
3.8609776107075846,1.5648611045714982
3.859209379317962,1.5695379946876469
3.857416795954579,1.5742056052424263
3.8555999093133515,1.5788638094391856
3.8537587687503985,1.5835124807367957
3.851893424280703,1.5881514928530929
3.8500039265767527,1.5927807197683062
3.8480903269671627,1.5974000357284837
3.8461526774352808,1.6020093152489039
3.8441910173522795,1.6066084274209274
3.8422038372166933,1.6111965692320238
3.8401901274446693,1.6157731294167101
3.838149955532375,1.6203379545763728
3.836083389862949,1.6248908917057376
3.8339904997042016,1.629431788197997
3.8318713552062977,1.633960491849926
3.829726027399402,1.6384768508669827
3.827554588191299,1.642980713868397
3.825357110364986,1.6474719298922431
3.8231332754528,1.6519501531701293
3.8208826854641145,1.6564149902456589
3.8186054198907016,1.660866280723299
3.816301560267758,1.6653038652290826
3.8139711890826575,1.669727584879766
3.8116143897719907,1.6741372812885256
3.809231246718583,1.6785327965706256
3.8068218452484683,1.6829139733490726
3.8043862716278394,1.6872806547602457
3.801924613059955,1.6916326844595175
3.799436661674629,1.6959697360701176
3.79692104925989,1.7002908016677583
3.7943776813728567,1.70459558894607
3.791806663344923,1.7088839196259906
3.7892081016525885,1.713155616109993
3.7865821039130516,1.7174105014894416
3.7839287788797487,1.7216483995519192
3.7812482364378543,1.7258691347885229
3.7785405875997276,1.7300725324011317
3.7758059445003154,1.734258418309652
3.773044420392511,1.738426619159217
3.770256271748638,1.742577058231004
3.767442463042467,1.7467101444246314
3.7646032435907717,1.7508258161588695
3.761738721167189,1.7549239172073627
3.758849004505825,1.7590042920107243
3.7559342032971315,1.7630667856824327
3.752994428183744,1.767111244014716
3.750029790756278,1.7711375134844043
3.7470404040450562,1.77514544163042
3.744026386092792,1.77913487977908
3.7409878523700706,1.783105677403544
3.7379249181582743,1.7870576838525207
3.734837699664529,1.790990749187655
3.731726314017305,1.794904724189211
3.72859087926197,1.7987994603617388
3.725431514356308,1.802674809939703
3.722248339166011,1.806530625893096
3.719041474460127,1.8103667619330082
3.71581104190648,1.8141830725171848
3.712557501510151,1.8179797028798794
3.7092816667879327,1.8217571140048883
3.7059836722179824,1.82551519326845
3.702663631882182,1.8292538106737595
3.699321660625005,1.8329728368972253
3.695957874049542,1.8366721432929378
3.6925723885135042,1.8403516018971227
3.6891653211252016,1.8440110854325658
3.685736789739481,1.847650467313017
3.682286912953663,1.8512696216475677
3.6788158101034294,1.854868423245006
3.675323617623285,1.8584467636730297
3.671811365514163,1.8620054182921573
3.6682796864477796,1.8655447940207794
3.6647286862451316,1.8690647848072837
3.6611584713061363,1.872565285180897
3.6575691486064525,1.8760461902548435
3.6539608256942717,1.8795073957294886
3.650333610687097,1.882948797895465
3.6466876122684972,1.8863702936367812
3.6430237068412104,1.8897726082118722
3.6393427597570667,1.8931564781874684
3.635644863867613,1.8965218182057693
3.631930112451927,1.8998685433763898
3.628198599214263,1.9031965692785033
3.6244504182816883,1.90650581196297
3.6206856642017162,1.9097961879544547
3.616904431939912,1.9130676142535334
3.613106816877506,1.9163200083387855
3.609292940448178,1.9195533185195663
3.6054630870955577,1.9227676881894948
3.60161738888272,1.9259630839917878
3.597755939809064,1.9291394278222176
3.5938788342589874,1.9322966420422385
3.5899861669995703,1.9354346494808852
3.5860780331782665,1.9385533734366587
3.5821545283205714,1.9416527376794008
3.5782157483276955,1.9447326664521594
3.5742617924663516,1.9477930883578098
3.5702940627336486,1.9508356341216706
3.56631371218635,1.9538616502283006
3.5623208096869328,1.9568710843257866
3.55831542431503,1.9598638843490943
3.554297625366236,1.9628399985209704
3.5502674823509093,1.9657993753528349
3.5462250649929667,1.9687419636456738
3.5421704432286765,1.9716677124909285
3.538103687205455,1.9745765712713699
3.5340248672806447,1.977468489661978
3.529934131338301,1.9803435280246364
3.525832764718615,1.9832033821191406
3.5217212419110924,1.9860486156410413
3.5175996150349818,1.9888791925230611
3.51346793633761,1.991695076883719
3.50932625819373,1.9944962330277796
3.505174633104847,1.9972826254467098
3.50101311369856,2.0000542188191255
3.4968417527278928,2.00281097801124
3.4926606030706244,2.0055528680773143
3.48847028134994,2.008280543738568
3.4842726577724665,2.010997148699073
3.480068058782398,2.0137029449852557
3.475856512211476,2.016397914686486
3.471638045937428,2.0190820399638
3.4674126878837854,2.0217553030500133
3.4631804660196996,2.024417686249846
3.458941408359757,2.027069171940034
3.4546955429637904,2.029709742569449
3.450442897936697,2.0323393806592116
3.44618350142825,2.0349580688028097
3.4419185106721564,2.0375676374226814
3.4376493128978622,2.040170317760937
3.433375922348632,2.0427661081594213
3.4290983501439287,2.0453550018638245
3.4248166074141073,2.047936992137781
3.4205307053003757,2.0505120722628805
3.416240654954762,2.0530802355386997
3.411946467540087,2.055641475282813
3.407648154229941,2.0581957848308052
3.403345355776894,2.0607425309073975
3.3990362595991908,2.0632786058886943
3.3947206457222876,2.0658035738181804
3.3903985427754657,2.068317417945512
3.3860699794310536,2.07082012159414
3.3817349844042357,2.07331166816142
3.3773935864528677,2.0757920411187203
3.3730458143772784,2.0782612240115346
3.3686916970200804,2.080719200459593
3.3643312632659836,2.0831659541569647
3.3599645420415998,2.085601468872168
3.35559156231525,2.088025728448283
3.351211586902495,2.090438168160064
3.3468232851644752,2.092834577728035
3.342426067180805,2.0952145871745405
3.3380199942423405,2.097578163325693
3.3336051277633625,2.0999252732366607
3.3291815292807208,2.102255884192129
3.32474926045298,2.104569963706751
3.320308383059552,2.1068674795256093
3.3158579772872847,2.109147256038502
3.3113971016375343,2.111405693705042
3.306925465602487,2.1136427505720548
3.3024431716587292,2.1158583753728593
3.297950322527094,2.118052517331929
3.2934470211703104,2.120225126166063
3.2889333707906356,2.1223761520855358
3.2844094748274992,2.124505545795236
3.2798754369551313,2.126613258495799
3.275331361080179,2.128699241884724
3.270776943394854,2.1307625452965997
3.2662115940999805,2.1328015466463635
3.2616354303697497,2.134816159810885
3.257048582485216,2.13680632743515
3.252451181031604,2.1387719928601
3.247843356894592,2.1407131001242417
3.2432252412565896,2.1426295939652378
3.2385969655929996,2.1445214198214835
3.2339586616684763,2.146388523833659
3.229310461533173,2.1482308528462637
3.22465249751898,2.1500483544091273
3.2199845390435264,2.151840027094669
3.2153059880442334,2.1536038542591553
3.2106169884103606,2.15533971374446
3.205917707326822,2.1570475436590204
3.201208312345109,2.1587272831106614
3.1964889713773244,2.1603788722087627
3.1917598526901894,2.1620022520663986
3.1870211248990494,2.1635973648024343
3.182272956961858,2.1651641535435897
3.177515518173156,2.1667025624264724
3.17274907503343,2.168212844142182
3.1679741234173826,2.169696006366808
3.1631908450457864,2.171152090547056
3.1583993934728767,2.1725810499392755
3.153599922515267,2.173982838670585
3.1487925862470143,2.1753574117403396
3.143977538994667,2.176704725021586
3.1391549353323156,2.1780247352624666
3.1343249300766294,2.179317400087619
3.129487678281881,2.1805826779995283
3.124643335234979,2.1818205283798635
3.119792056450478,2.1830309114907833
3.114935147307447,2.1842167863530615
3.110072717142803,2.1853815753115016
3.105205256438478,2.1865251603392024
3.100332857659432,2.187647519711993
3.0954556133644364,2.1887486321089185
3.0905736162043054,2.189828476612641
3.085686958920147,2.190887032709838
3.0807957343415913,2.191924280291597
3.075900035385032,2.192940199653793
3.0710003610510292,2.193934719378075
3.0660969614847158,2.194912808441427
3.0611910006062764,2.19587796821161
3.056282512507636,2.1968301919816478
3.0513715312982725,2.1977694731344624
3.046458091104998,2.198695805142912
3.0415422260717135,2.199609181569839
3.0366239703591607,2.2005095960681156
3.0317033581447044,2.201397042380689
3.0267804236220814,2.2022715143406226
3.0218567399005205,2.203134722124948
3.0169315252107016,2.2039962673779048
3.012006195215985,2.2048571532047743
3.007080750004664,2.2057173795901215
3.002155189665041,2.20657694651853
2.997229514285398,2.2074358539745904
2.9923037239540253,2.208294101942912
2.987377818759227,2.2091516904080994
2.982451798789319,2.2100086193547863
2.97752566413257,2.2108648887676114
2.9725999479906826,2.2117211888563886
2.9676746826938425,2.2125824431402976
2.962750421713193,2.2134494212139906
2.9578271717005085,2.2143221219063394
2.952904939306203,2.215200544038483
2.9479837311793036,2.2160846864238364
2.94306355396747,2.216974547868084
2.9381444143169557,2.2178701271691854
2.9332263188726198,2.218771423117377
2.928309274277912,2.219678434495173
2.9233932871748536,2.220591160077368
2.9184789697367814,2.221510618659026
2.913566418567179,2.2224416549051007
2.9086561640380753,2.2233847285739623
2.9037482356452116,2.2243398340005966
2.898842662870349,2.2253069654477167
2.8939394751811047,2.2262861171057957
2.8890387020307653,2.2272772830931022
2.8841403728581154,2.228280457455734
2.879244517087258,2.2292956341676557
2.874351935451258,2.23032448915598
2.869462831358445,2.23137169085278
2.864577721167906,2.2324373684074055
2.8596966746993946,2.233521506588809
2.854819761714586,2.2346240899020966
2.849947051916076,2.235745102588749
2.845078614946388,2.236884528626852
2.840214520386975,2.2380423517313166
2.8353548377572304,2.2392185553541184
2.830499636513487,2.2404131226845316
2.825649396640167,2.2416259945241497
2.8208042880962334,2.2428608517199415
2.8159653426723326,2.2441196433154875
2.8111326786014765,2.245402338553939
2.806306413963194,2.246708906094392
2.8014866666806584,2.248039314012658
2.7966735545177968,2.2493935298020413
2.791867209324174,2.2507715696809085
2.7870680661819796,2.2521744835083335
2.7822763851719783,2.253602676494193
2.777492299449405,2.255056108950669
2.77271594195843,2.2565347404885654
2.767947445428462,2.2580385300184354
2.763186942370465,2.2595674357517184
2.7584345650732756,2.2611214152019055
2.753690445599919,2.262700425185719
2.7489547157839525,2.2643044218243102
2.744227507225787,2.265933360544483
2.7395089512890447,2.267587196079926
2.7347991790968957,2.2692658824724767
2.730098321528426,2.2709693730733957
2.725407118131905,2.2726992679660505
2.7207263328823212,2.274457157352363
2.7160561328335615,2.2762429784945226
2.711396684661722,2.278056667657852
2.7067481546591767,2.27989816011308
2.7021107087286342,2.28176739013866
2.697484512377224,2.283664291023109
2.6928697307105818,2.285588795067392
2.6882665284269653,2.2875408335873364
2.6836750698113727,2.2895203369160844
2.679095464446918,2.291527111031916
2.6745277404325596,2.293560783901997
2.669972049620806,2.2956212715242765
2.6654285494256085,2.2977085027021986
2.660897396839688,2.2998224053151315
2.6563787484291184,2.301962906320857
2.651872760691537,2.304129932508725
2.6473797499017047,2.306323737137857
2.642900008630366,2.308544512419197
2.6384336987751764,2.310792178094023
2.6339809817483832,2.313066652931793
2.6295420184709863,2.315367854733086
2.625116969366928,2.3176957003325662
2.6207059943572935,2.3200501056019953
2.616309252854527,2.322430985453268
2.6119269037566792,2.32483825384149
2.607559105441655,2.3272718237680845
2.603205874209972,2.3297313577385736
2.5988668736187135,2.3322159110640714
2.5945422058713827,2.334725329369852
2.5902320134571197,2.337259529975606
2.5859364383881296,2.3398184293845032
2.581655622195005,2.3424019432859318
2.5773897059220676,2.3450099865582854
2.5731388301227094,2.3476424732717596
2.568903134854776,2.3502993166911934
2.564682759675941,2.3529804292789165
2.560477843639111,2.3556857226976406
2.55628845438052,2.3584149994238945
2.5521143008258185,2.3611675215994516
2.5479554402540456,2.363943096309256
2.5438119999756754,2.3667416385877917
2.5396841068291436,2.3695630627664617
2.5355718871769546,2.37240728247621
2.5314754669018216,2.375274210650167
2.5273949714028037,2.378163759526319
2.5233305255914793,2.3810758406501837
2.519282253888113,2.3840103648775304
2.515250200423701,2.3869671340413516
2.511233535165099,2.3899447750794467
2.507232088434419,2.3929428361216787
2.5032459640422458,2.3959612393885608
2.4992752654016503,2.3989999065728647
2.495320095525507,2.402058758841652
2.4913805570238288,2.4051377168383143
2.4874567521010977,2.408236700684636
2.4835487825536133,2.411355629982864
2.479656749766857,2.414494423817799
2.4757807547128565,2.4176530007588877
2.471920897947569,2.4208312788623396
2.4680770509346615,2.4240289013649914
2.464248976188867,2.427245389103213
2.460436763452932,2.430480660913353
2.456640504897916,2.433734638573536
2.452860292309139,2.4370072434096204
2.4490962170839676,2.4402983962971
2.4453483702295986,2.4436080176630135
2.44161613662863,2.446935237265881
2.4378988908729493,2.4502791932957573
2.4341967080129043,2.453639818238926
2.430509662794726,2.4570170442451285
2.426837829659026,2.4604108031289367
2.423181282739284,2.4638210263711278
2.4195400958603535,2.4672476451200653
2.415914342536977,2.4706905901930907
2.4123040959722903,2.474149792077924
2.4087094290563567,2.4776251809340586
2.4051304143646877,2.4811166865941816
2.4015671210197476,2.4846242353910735
2.3980195171014262,2.48814765208629
2.394487622778371,2.4916868160073555
2.390971507949214,2.4952416571117637
2.387471242200305,2.4988121050467478
2.383986894804329,2.5023980891506667
2.3805185347189335,2.5059995384544123
2.3770662305853705,2.509616381682807
2.3736300507271264,2.5132485472560173
2.370210063148585,2.516895963290971
2.366806335533669,2.520558557602777
2.3634178362189586,2.5242352469135816
2.3600427103531736,2.5279242166964537
2.3566809680733654,2.5316253869861027
2.353332653481975,2.5353387092271564
2.3499978105052866,2.5390641347048244
2.3466764828928484,2.542801614545534
2.3433687142169077,2.5465510997175693
2.340074547871832,2.550312541031719
2.3367940270735366,2.5540858891419234
2.333527194858923,2.5578710945459138
2.3302740940853153,2.5616681075858714
2.3270332086267222,2.5654760858210146
2.3238023760416784,2.5692920663381864
2.3205812677695326,2.5731162588018486
2.3173699046828613,2.576948638431475
2.3141683075910953,2.5807891803934915
2.3109764972403792,2.5846378598014272
2.3077944943134425,2.5884946517160863
2.3046223194294626,2.592359531145701
2.3014596516046173,2.5962327178950946
2.298303965396861,2.600111073322334
2.295153477198628,2.6039936524103426
2.2920081926629834,2.607880448192432
2.2888681174336507,2.6117714536943506
2.2857332571450066,2.615666661934294
2.282603617422073,2.6195660659229145
2.2794792038805016,2.623469658663336
2.276360022126568,2.6273774331511675
2.2732460361341817,2.6312893492793252
2.2701358770794973,2.63520430895922
2.2670288814028297,2.6391217796363065
2.2639250511314413,2.6430417587545003
2.260824388290529,2.646964243756081
2.2577268949032185,2.650889232081701
2.2546325729905763,2.6548167211703673
2.251541424571591,2.6587467084594625
2.2484534516631807,2.6626791913847394
2.2453686562802,2.6666141673803185
2.242285643054218,2.6705519224057808
2.2391996456385814,2.674485955517377
2.2361086046787975,2.678416027063467
2.233146654522335,2.682172255291656
2.233064647040004,2.6822759852090616
2.233064647040004,2.6822759852090616
2.2330646470400044,2.682275985209061
2.233064647040004,2.6822759852090616
2.233064647040003,2.6822759852090607
2.233064647040002,2.682275985209061
2.2330646470397113,2.682275985209382
2.23306464703971,2.682275985209383
2.233064647039709,2.682275985209384
2.2330646470397073,2.682275985209386
2.2330646470397055,2.6822759852093876
2.2330646470397046,2.6822759852093885
2.233064647039703,2.6822759852093903
2.233064647039701,2.682275985209392
2.2330646470396815,2.6822759852094102
2.23306464703968,2.6822759852094116
2.2330646470396784,2.6822759852094133
2.2330646470396767,2.682275985209415
2.233064647039677,2.682275985209416
2.2330646470396767,2.682275985209418
2.233064647039676,2.6822759852094196
2.233064647039677,2.6822759852094205
2.2330646470396913,2.6822759852094102
2.233064647039691,2.682275985209412
2.2330646470396918,2.6822759852094125
2.2330646470396913,2.682275985209413
2.2330646470396918,2.682275985209413
2.2330646470396913,2.6822759852094147
2.2330646470396913,2.682275985209416
2.233064647039709,2.682275985209405
2.23306464703971,2.682275985209406
2.2330646470397095,2.6822759852094076
2.233064647039709,2.6822759852094094
2.23306464703971,2.6822759852094102
2.2330646470397095,2.682275985209412
2.2330646470397277,2.682275985209402
2.2330646470397277,2.682275985209402
2.2330646470397273,2.6822759852094022
2.2330646470397277,2.6822759852094022
2.2330646470397277,2.6822759852094022
2.2330646470397273,2.6822759852094022
2.233064647039745,2.682275985209391
2.233064647039746,2.6822759852093894
2.2330646470397455,2.682275985209388
2.233064647039745,2.6822759852093867
2.233064647039746,2.682275985209385
2.2330646470397455,2.6822759852093836
2.2330646470397624,2.6822759852093743
2.2330646470397633,2.6822759852093725
2.233064647039763,2.682275985209371
2.2330646470397624,2.68227598520937
2.233064647039763,2.682275985209368
2.233064647039779,2.6822759852093614
2.2330646470397792,2.6822759852093596
2.233064647039779,2.6822759852093583
2.233064647039779,2.682275985209357
2.233064647039794,2.6822759852093503
2.2330646470397935,2.682275985209349
2.2330646470397943,2.682275985209347
2.233064647039794,2.682275985209346
2.2330646470397943,2.682275985209344
2.2330646470398072,2.6822759852093387
2.233064647039808,2.682275985209337
2.2330646470398077,2.6822759852093365
2.23306464703982,2.682275985209332
2.2330646470398205,2.682275985209332
2.23306464703982,2.682275985209332
2.23306464703982,2.682275985209332
2.2330646470398308,2.68227598520933
2.233064647039831,2.68227598520933
2.2330148198764244,2.682285897567247
2.2326122736703518,2.6823637169143524
2.231815931835839,2.6825118275908904
2.2306247578332967,2.6827244256348153
2.2290377793096163,2.6829956957815075
2.227054088207481,2.6833198120947936
2.2246728408686027,2.6836909385989793
2.2218932581312303,2.6841032299118153
2.218714641244971,2.6845509463812913
2.215136494748439,2.685029397431027
2.2111582887559296,2.6855332948491912
2.206779516934068,2.6860571071668353
2.2019997304689696,2.6865952972459617
2.1970274002248487,2.687120493997482
2.192051545313305,2.6876111747324676
2.1870724053284225,2.6880673158239814
2.182090220022465,2.6884888953082187
2.1771051978970895,2.6888754794068506
2.172117524096056,2.689226195967123
2.1671274549730097,2.689541000983622
2.162135249089813,2.689819878144636
2.157141165119033,2.690062813000066
2.1521454618305613,2.6902697929621735
2.147148398078185,2.690440807306232
2.1421502327861934,2.6905758471710848
2.1371512249359434,2.690674905559603
2.1321516335524593,2.690737977339046
2.1271517135896505,2.6907639453767906
2.1221517434009605,2.690750873450643
2.117152028050982,2.6906987276721144
2.1121528728900594,2.690607511225931
2.1071545832343253,2.6904772296830055
2.1021574643470573,2.690307891000095
2.0971618214200207,2.6900995055193118
2.0921679595548497,2.6898520859674964
2.0871761837443925,2.6895656474554377
2.0821867988540994,2.6892402074769524
2.0772001063728625,2.688875828373036
2.072216369223096,2.6884730365248473
2.0672358706577647,2.688032002181918
2.0622589041246653,2.6875527513297075
2.057285762863495,2.687035312205372
2.05231673988857,2.6864797152960964
2.0473521279715556,2.6858859933372945
2.042392219624221,2.6852541813106856
2.0374373070812064,2.684584316442232
2.0324876812494552,2.6838764452456054
2.0275435075430166,2.6831314401768283
2.0226049752170328,2.6823499130454036
2.017672354052156,2.6815319065443575
2.0127459135061256,2.6806774653595045
2.007825922699049,2.6797866361669995
2.0029126503986983,2.6788594676307893
1.998006365005827,2.677896010399957
1.993107334539513,2.6768963171059545
1.988215826622514,2.675860442359724
1.9833321084666475,2.6747884427487185
1.9784563937039936,2.673680609428552
1.973588890975312,2.672537234468927
1.9687298593585996,2.671358378727189
1.9638795574809755,2.670144104949189
1.9590382435049036,2.6688944777659365
1.9542061751144615,2.6676095636901644
1.9493836095016184,2.6662894311127894
1.9445708033525484,2.664934150299268
1.9397680127940604,2.6635437935219746
1.9349754886707946,2.6621184508219717
1.9301934824945581,2.6606582089875577
1.9254222483969745,2.6591631456208145
1.9206620399372003,2.6576333401743515
1.915913110088457,2.6560688739470897
1.9111757112245806,2.6544698300799388
1.9064500951066121,2.652836293551377
1.9017365128694235,2.6511683511729403
1.8970352150083618,2.6494660915845993
1.8923464555725482,2.64772984227232
1.8876690774593397,2.645962909553991
1.8830029283987735,2.6441665325919956
1.8783481937411879,2.642340782742621
1.8737050583835175,2.640485732528917
1.8690737067619432,2.63860145563781
1.8644543228445694,2.6366880269171813
1.8598470901241164,2.634745522372888
1.8552521916106293,2.6327740191657476
1.850669809824208,2.630773595608472
1.846100126787764,2.62874433116256
1.8415428657983675,2.6266873175449783
1.8369972424816112,2.6246047126558714
1.8324633714467802,2.6224966453178826
1.8279413953212056,2.620363181846972
1.8234314563580252,2.618204389358017
1.8189336964317093,2.616020335762702
1.8144482570335991,2.6138110897673767
1.8099752792674526,2.6115767208708993
1.8055149038450118,2.6093172993624494
1.801067271081565,2.607032896319312
1.796631617639611,2.6047256562990904
1.792206499183911,2.602397935852721
1.7877921464368525,2.6000498631008755
1.7833886530035061,2.5976814878337566
1.7789961122586746,2.5952928602720755
1.774614617344912,2.592884031065988
1.7702442611705482,2.5904550512940197
1.76588513640772,2.588005972461983
1.7615373354904058,2.585536846501884
1.7572009506124644,2.5830477257708253
1.7528760737256799,2.58053866304989
1.7485627466683002,2.578009796235805
1.7442599577222104,2.575463038620017
1.739967328258943,2.57289919397588
1.7356849261333205,2.5703183028308216
1.7314128190384976,2.567720405981724
1.7271510745048948,2.565105544494287
1.7228997598991251,2.5624737597023737
1.7186589424229342,2.55982509320736
1.7144286891121372,2.557159586877474
1.7102090668355574,2.5544772828471363
1.705999894771379,2.5517793617936575
1.7017980113933873,2.5490693505910578
1.6976035018621038,2.546347940215454
1.6934163971019505,2.5436151507307034
1.6892367279827525,2.5408710022845544
1.6850645253195198,2.538115515108505
1.68089981987221,2.535348709517644
1.6767426423455118,2.5325706059105078
1.6725930233886093,2.5297812247689286
1.6684509935949638,2.5269805866578867
1.6643158164204035,2.524170122174705
1.6601853831822042,2.521352407647261
1.6560597801331256,2.5185276256424327
1.651939019366129,2.515695784440217
1.6478231129599874,2.5128568923413046
1.6437120729792414,2.5100109576670553
1.639605911474169,2.507157988759471
1.6355046404807476,2.504297993981172
1.631408272020619,2.5014309817153704
1.6273171359909389,2.498557214482775
1.6232287327359254,2.4956788541795993
1.6191421022159482,2.4927979775415423
1.6150572459797663,2.489914585660403
1.6109741655754604,2.4870286796289323
1.606892862550444,2.484140260540834
1.6028133384514525,2.481249329490765
1.5987355948245516,2.4783558875743346
1.594659633215125,2.475459935888103
1.5905854551678902,2.4725614755295795
1.5865130622268815,2.4696605075972276
1.5824424559354637,2.4667570331904636
1.5783735442476396,2.463851184399794
1.574304851660494,2.4609450287586623
1.5702358687984745,2.458039279552738
1.5661665957021778,2.4551339368110066
1.5620970324122099,2.452229000562462
1.5580271789691722,2.449324470836089
1.553957035413677,2.4464203476608755
1.5498865266231396,2.4435174359747407
1.545811770861124,2.4406197886177083
1.5417324098132656,2.4377286282681245
1.5376484538068655,2.4348439622452416
1.5335599131808555,2.431965797851873
1.5294667982857746,2.4290941423743724
1.5253691194837422,2.426229003082615
1.5212668871484323,2.4233703872299808
1.5171601116650448,2.420518302053336
1.513048803430283,2.41767275477301
1.5089329728523244,2.414833752592783
1.5048126303507943,2.412001302699868
1.5006875237394435,2.4091757961046802
1.4965563694273338,2.406359139591988
1.4924190113931257,2.403551603597965
1.488275469772526,2.400753201786336
1.484125764731337,2.397963947776373
1.4799699164653557,2.395183855142824
1.475807945200278,2.392412937415854
1.471639871191598,2.389651208080974
1.4674657147245114,2.3868986805789776
1.463285713547568,2.384155517866007
1.4590979152598524,2.381423792461241
1.454901299405454,2.3787056325034204
1.4506959099264798,2.3760010664539735
1.4464817908569005,2.373310122631986
1.4422589863220932,2.370632829213905
1.4380275405383793,2.36796921423325
1.4337874978125595,2.365319305580313
1.429538902541454,2.3626831310018703
1.4252817992114353,2.36006071810089
1.421016232397961,2.357452094336244
1.4167422318099905,2.354857311734572
1.412459350686921,2.3522772141776933
1.408167402065212,2.3497122285742327
1.4038664392664857,2.347162386790645
1.3995565157243535,2.3446277205052475
1.3952376849837524,2.34210826120782
1.3909100007002795,2.339604040199215
1.3865735166395237,2.337115088590974
1.3822282866763997,2.3346414373049336
1.3778743647944787,2.3321831170728453
1.3735111531406747,2.3297413255183805
1.3691373768219042,2.3273185087474153
1.3647530780527253,2.3249147856571097
1.3603583401859074,2.3225302019462135
1.3559532467726911,2.32016480294961
1.351537881561186,2.317818633637445
1.34711232849479,2.3154917386142806
1.342676671710591,2.313184162118239
1.3382309955377587,2.310895948020167
1.3337748943601395,2.308628105037538
1.3293076157273847,2.3063823600891973
1.3248292541650895,2.3041587984253287
1.3203399198285342,2.301957474739385
1.3158397231428984,2.2997784431778285
1.3113287748005458,2.2976217573387947
1.3068071857582992,2.295487470270777
1.3022750672347183,2.29337563447132
1.2977325307073526,2.2912863018857292
1.2931796879100084,2.2892195239057958
1.2886166508299985,2.287175351368528
1.2840435317053858,2.2851538345549045
1.2794604163819183,2.283155084580529
1.2748671736987573,2.2811797195778634
1.2702638639833874,2.2792279293984268
1.2656506082326746,2.2772997653445457
1.261027527704915,2.275395278097539
1.2563947439166463,2.2735145177163845
1.2517523786394533,2.2716575336364113
1.2471005538967688,2.269824374667988
1.2424393919606647,2.2680150889952504
1.23776901534864,2.2662297241748255
1.233089546820396,2.2644683271345913
1.2284007533760148,2.262731908063062
1.2237023408281316,2.261021687431266
1.2189944545923141,2.259337721199385
1.2142772413750165,2.2576800618429247
1.2095508481733384,2.2560487610176185
1.2048154222704452,2.2544438695578237
1.2000711112309788,2.2528654374749304
1.1953180630114615,2.2513135136003366
1.1905564755169862,2.24978799041312
1.185786535957919,2.2482887862692067
1.18100838980806,2.2468159468913815
1.176222182791495,2.2453695171983576
1.1714280608781495,2.2439495413034036
1.1666261702793366,2.242556062512998
1.1618166574433009,2.24118912332551
1.1569996690507505,2.2398487654299046
1.1521753520103817,2.2385350297044684
1.1473438546861825,2.2372479515485244
1.14250535109998,2.235987467428263
1.1376599984105342,2.2347535733947237
1.132807942742987,2.2335463066594268
1.1279493304246309,2.2323657036308724
1.123084307980487,2.2312117999134418
1.1182130221288946,2.2300846303063246
1.1133356197770843,2.228984228802468
1.1084522480167478,2.227910628587554
1.1035630541195964,2.226863862038995
1.0986681855329283,2.2258439607249594
1.0937678107319575,2.2248508512838123
1.088862527407648,2.223882271257358
1.0839526400724495,2.2229373066468754
1.079038262416945,2.222015979333433
1.074119508235695,2.2211183106507657
1.0691964914245966,2.2202443213847847
1.0642693259782525,2.219394031773092
1.0593381259873265,2.218567461504515
1.0544030056359046,2.217764629718647
1.0494640908349373,2.2169854808185203
1.0445215090658762,2.2162299426786847
1.0395753732315562,2.2154980323473863
1.034625796283084,2.214789766538697
1.0296728912501485,2.2141051614267413
1.0247167712384369,2.2134442326453176
1.0197575494270568,2.212806995287552
1.014795339065948,2.2121934639055425
1.0098302534732988,2.2116036525100364
1.0048624060329554,2.2110375745701014
0.999891910191836,2.2104952430128257
0.9949188879597031,2.2099765870625063
0.9899437247752793,2.2094788733879325
0.9849666378859655,2.2090007795585276
0.9799877046634582,2.2085423130065336
0.9750070025081528,2.208103480859079
0.9700246088479495,2.207684289938065
0.9650406011370403,2.2072847467600583
0.9600550568547098,2.2069048575361863
0.9550680535041288,2.206544628172047
0.9500796709680539,2.206204028836488
0.9450901132205947,2.2058810882248183
0.940099513411561,2.2055746723309992
0.9351079262683611,2.2052847845152166
0.9301154065292252,2.2050114279564075
0.9251220089426131,2.2047546056522274
0.9201277882666111,2.2045143204190167
0.9151327992683301,2.204290574891766
0.91013709672331,2.20408337152409
0.9051407354149097,2.2038927125882
0.9001438098957328,2.2037163934667507
0.8951465229124245,2.2035517378517318
0.8901488654585414,2.203398739032321
0.8851508647249751,2.203257397840943
0.8801525479044893,2.2031277150465987
0.8751539421915647,2.2030096913548554
0.8701550747822517,2.2029033274078476
0.8651559728740302,2.2028086237842732
0.8601566636656516,2.202725580999389
0.8551571743569968,2.202654199505008
0.850157143924245,2.202592981966347
0.8451574768627991,2.2025352874252304
0.8401577792029404,2.2024803083803373
0.8351580524195493,2.2024280448478883
0.8301582979875162,2.2023784968433007
0.8251585173817421,2.20233166438119
0.8201587120771321,2.2022875474753723
0.8151588835486004,2.202246146138861
0.8101590332710678,2.20220746038387
0.8051591627194612,2.202171490221811
0.8001588676238055,2.202138207744085
0.7951589826138192,2.202104308474862
0.7901591184928636,2.2020674568058616
0.7851592770043092,2.202027652749933
0.7801594598915238,2.2019848963209543
0.7751596688978603,2.201939187533836
0.7701599057666685,2.201890526404514
0.7651601722412864,2.201838912949956
0.7601604700650384,2.2017843471881604
0.7551608009812445,2.2017268291381513
0.7501611667332068,2.2016663588199856
0.7451603720943614,2.2016013553228553
0.7401609893089344,2.2015229124859945
0.7351618623702055,2.2014295777960626
0.7301630356370087,2.2013213520812474
0.7251645534655152,2.2011982363018707
0.7201664602088387,2.2010602315503767
0.7151688002166428,2.2009073390513247
0.7101716178347439,2.2007395601613804
0.7051749574047225,2.200556896369297
0.7001788632635289,2.2003593492959097
0.6951833797430869,2.200146920694115
0.6901885511699016,2.1999196124488587
0.6851937597125357,2.1996730519574705
0.6802011451307919,2.1994014878351407
0.6752099576241624,2.1991048488153795
0.6702203231279648,2.198783142382843
0.6652323675383319,2.1984363766546795
0.6602462167090349,2.1980645603803186
0.6552619964483082,2.1976677029412555
0.6502786766612317,2.1972450940775152
0.6452996514753059,2.1967877245552763
0.640324261430448,2.1962923735852584
0.6353527962559006,2.1957590700129717
0.630385545452346,2.195187844893998
0.6254227982750564,2.194578731492187
0.6204648437170464,2.1939317652777155
0.6155119704922443,2.193246983925022
0.6105644670186785,2.192524427310614
0.605622621401688,2.191764137510745
0.6006867214171348,2.190966158798969
0.595757054494656,2.1901305376435536
0.5908339756054718,2.1892546540942535
0.5859192126782201,2.1883354462070734
0.5810127524639721,2.187372904812154
0.5761149770269313,2.186367104862229
0.5712262677550255,2.185318124678562
0.5663470053302018,2.184226045944843
0.561477569698782,2.1830909537008325
0.5566183400418847,2.1819129363357352
0.5517696947458897,2.1806920855813186
0.5469320113729743,2.179428496504771
0.5421056938874427,2.178122167850945
0.5372912343578092,2.176772792825087
0.5324890293523559,2.1753804348939196
0.5276994626089111,2.1739452053189168
0.5229229168553924,2.1724672187873675
0.5181597737792335,2.1709465934032157
0.5134104139968741,2.169383450677616
0.5086752170233501,2.1677779155192285
0.5039545612419666,2.1661301162242372
0.4992488226901105,2.1644401877187445
0.4945578505514902,2.1627096866621933
0.48988155404807765,2.160939911387134
0.48522026198876134,2.159130986333462
0.4805743021274106,2.157283038693847
0.47594400113982505,2.155396198404791
0.47132968460076724,2.1534705981374938
0.46673167696107054,2.1515063732885196
0.46215030152482484,2.1495036619702805
0.4575858804266442,2.147462605001324
0.4530386754502519,2.1453838745481133
0.44850710289129786,2.143270882186191
0.4439912442717547,2.141124511410465
0.43949134544446006,2.138944879073876
0.4350076513933702,2.136732103840189
0.4305404062202182,2.1344863061775428
0.42608985313122527,2.132207608351883
0.4216562344238633,2.1298961344203144
0.41723979147365614,2.1275520102243375
0.41284076472104664,2.1251753633830024
0.4084593936583023,2.1227663232859633
0.4040958077920182,2.120325214912325
0.39974969845518454,2.1178531248914183
0.39542121141827674,2.11535030739697
0.39111056392430943,2.112816888043224
0.38681797232094334,2.1102529939803003
0.3825436520496308,2.1076587538878204
0.3782878176348016,2.105034297968446
0.37405068267309666,2.1023797579413457
0.36983245982264645,2.099695267035581
0.36563336079240166,2.0969809599834246
0.3614532411982428,2.094237512680027
0.35729194569726463,2.09146559589167
0.35314966818296645,2.088665338774445
0.34902660166271043,2.08583687180494
0.34492293824873443,2.0829803267741682
0.34083886914919564,2.0800958367814264
0.33677458465926496,2.0771835362280933
0.3327302741522594,2.0742435608113663
0.3287064421714207,2.0712756210260257
0.32470519133661035,2.0682773099974727
0.3207270714035775,2.065248376345934
0.316772316729873,2.0621889985108433
0.31284116029656484,2.059099356725155
0.3089338336945046,2.0559796330047173
0.30505056711069556,2.052830011137559
0.3011915893147208,2.049650676673053
0.2973571276452735,2.046441816910994
0.29354719408016466,2.0432034297780373
0.28976429330682335,2.039933949137954
0.2860100158805108,2.0366316404117715
0.28228464667447445,2.0332967541775098
0.27858846836842277,2.0299295434851654
0.2749217614270696,2.0265302638375062
0.27128480407885064,2.0230991731706784
0.26767787229481393,2.0196365318346388
0.2641012397676761,2.016142602573396
0.2605551778910582,2.0126176505050757
0.25703995573889254,2.0090619431018037
0.2535558400450018,2.005475750169412
0.2501034455142658,2.0018590114809305
0.24668564158918255,1.9982095701907965
0.24330326780167955,1.9945272675196328
0.23995664009025303,1.9908124474214905
0.23664607105445395,1.987065456887788
0.23337186992568817,1.9832866459148966
0.2301343425383332,1.9794763674714508
0.2269337913011702,1.9756349774653779
0.2237705151691374,1.9717628347106515
0.22064480961540456,1.9678603008937796
0.21755724956600128,1.9639275197178803
0.21450929700838742,1.9599639639638042
0.21150138573724064,1.955969936072811
0.20853382037902954,1.9519458405404124
0.2056069014741879,1.9478920849072259
0.20272092544667486,1.9438090797176955
0.1998761845739568,1.9396972384785176
0.19707296695740603,1.9355569776167612
0.1943115564931253,1.9313887164376966
0.19159259317740734,1.9271926452299284
0.188918145851498,1.9229680628738295
0.1862887568665302,1.9187152898786792
0.18370472334270527,1.9144348068066068
0.1811663372750701,1.9101270973509716
0.17867388550052016,1.9057926482817042
0.17622764966538967,1.901431949390302
0.17382790619362715,1.8970454934344905
0.17147492625555522,1.8926337760825327
0.1691689757372303,1.8881972958572213
0.16691031521039923,1.8837365540795477
0.16469919990305334,1.8792520548120533
0.16253587967058675,1.8747443048018662
0.16042088064373528,1.8702136825307092
0.15835472721756813,1.865660577099575
0.15633765835620672,1.8610855151048038
0.1543699073468197,1.8564890256821536
0.1524517017726464,1.8518716404456073
0.15058326348667142,1.8472338934258812
0.14876480858596963,1.8425763210086676
0.1469963878016903,1.8378995217252876
0.14527781325381306,1.8332041765866138
0.14360926156799791,1.8284908232453452
0.14199092139795563,1.8237599946137093
0.140422975720263,1.819012225579764
0.1389056018136778,1.8142480529469256
0.1374389712390923,1.8094680153732676
0.13602324982013786,1.8046726533106299
0.13465859762443458,1.799862508943498
0.13334516894549497,1.7950381261277157
0.1320831122852767,1.7902000503289826
0.13087236635150323,1.785348878633614
0.12971117697557588,1.7804856054178129
0.12859920462151472,1.7756108434111004
0.12753656290306226,1.770725090683374
0.126523360393694,1.7658288464274885
0.12555970061552407,1.7609226109082508
0.12464568202872939,1.7560068854113096
0.12378139802148848,1.7510821721919325
0.12296693690043986,1.74614897442369
0.12220238188166026,1.74120779614705
0.12148776838394523,1.7362591482009004
0.12082222908983442,1.7313036607325352
0.12020544442032549,1.726341869193929
0.11963747400058934,1.7213742532462712
0.11911837273687571,1.7164012931138009
0.11864819081120628,1.7114234695373876
0.1182269736765226,1.7064412637280515
0.1178547620522929,1.7014551573204513
0.11753159192057497,1.696465632326318
0.11725718101342286,1.69147318724754
0.11702924029472157,1.6864784033450526
0.11684732094199829,1.6814817315974913
0.11671143839325723,1.6764835960314297
0.11662160417973673,1.6714844207976667
0.11657782592492998,1.6664846301352303
0.11658010734393885,1.6614846483353722
0.11662844824315782,1.6564848997055663
0.11672284452029112,1.651485808533499
0.11686328816470043,1.6464877990510607
0.11704776998112623,1.6414912174910155
0.1172728071670694,1.636496297932827
0.11753832272585613,1.631503366467658
0.11784429921353701,1.6265127511231527
0.11819071652794451,1.6215247797747878
0.11857755191001258,1.6165397801243364
0.11900477994527316,1.6115580796783324
0.11947237256552479,1.6065800057265596
0.11998029905067709,1.6016058853205482
0.12052852603076945,1.5966360452520807
0.12111701748816232,1.5916708120317369
0.12174573475990445,1.5867105118674287
0.12241463069824568,1.581755469831118
0.12312110440634805,1.5768056427590091
0.12386300921247097,1.5718610021853503
0.12464030706378376,1.5669218017243074
0.12545295809212173,1.5619882947110175
0.12630092061602968,1.5570607341886011
0.12718415114290074,1.5521393728951756
0.12810260437120724,1.5472244632508958
0.1290560408798463,1.5423170752888185
0.1300391180240389,1.5374146774639859
